fx,fy,pred_fx,pred_fy
31.941794029338062,-439.2198213675803,-56.988216,-24.317106
32.46636915861356,-440.32330439744993,-39.507683,-43.056984
32.99005160989502,-441.4269058103101,-64.341995,-158.94856
33.512353006203085,-442.5297568025349,-54.135582,-44.75879
34.03279308776155,-443.6309934102866,-51.5939,-43.814007
34.550901400168435,-444.7297584101465,-54.63421,-39.51595
35.0662189985592,-445.8252032019904,-57.771378,-18.793503
35.578300162411665,-446.91648966582807,-60.50755,-112.89865
36.08671411583408,-448.0027919842355,-63.841316,-103.26675
36.59104674827166,-449.0832984222527,-54.77107,-28.670446
37.09090233034638,-450.1572130570888,-77.67881,-247.77533
37.58590521893232,-451.2237574506233,-54.129642,-41.673668
38.07570154466799,-452.28217225859,-46.940716,-45.305595
38.55996087415538,-453.3317187714664,-55.629517,-32.125835
39.03837783841939,-454.37168038325154,-48.646454,-48.36416
39.510673719093454,-455.40136398532553,-72.93276,-158.93565
39.97659798426345,-456.42010128339695,-53.5157,-31.48747
40.43592976659734,-457.4272500362387,-65.16028,-61.87816
40.88847927693735,-458.4221952155134,-40.876743,-41.348843
41.33408914689909,-459.4043500864898,-61.962284,-111.44152
41.77263569447511,-460.3731572098876,-62.766777,-92.64721
42.20403010737665,-461.32808936556336,-61.590744,-176.20766
42.62821953972038,-462.26865039938696,-35.750317,-43.81847
43.045188118325896,-463.1943759954776,-34.651516,-43.907433
43.45495785512197,-464.1048343767994,-56.75098,-35.55485
43.85758946204185,-464.99962693766304,-67.09883,-69.834816
44.2531830645412,-465.8783888117313,-62.22197,-42.879906
44.64187880968663,-466.7407893786996,-58.76397,-36.543453
45.02385736478825,-467.58653271216207,-63.247322,-46.07179
45.39934030291416,-468.4153579706346,-44.715073,-242.04652
45.76859037237816,-469.2270397335994,-69.43739,-90.65142
46.13191164832935,-470.0213882848012,-62.348766,-121.46519
46.48964956564768,-470.7982498455792,-53.900368,-37.96594
46.84219083315418,-471.55750676131055,-55.91759,-36.534763
47.18996322948614,-472.2990776437749,-62.368446,-144.5167
47.53343528102807,-473.0229174714104,-68.06945,-90.137566
47.87311582253901,-473.729017648302,-56.505943,-38.903236
48.20955344196502,-474.4174060217229,-66.10922,-56.79906
48.54333581222903,-475.0881468574144,-58.385212,-21.449444
48.87508891401261,-475.7413407715886,-70.06673,-202.79953
49.20547615426163,-476.37712461872087,-66.8624,-147.09732
49.53519738530486,-476.9956713343067,-54.910618,-35.321945
49.86498782924957,-477.5971897316913,-60.191566,-204.86285
50.19561691188413,-478.1819242517955,-45.944767,-41.961678
50.52788700979645,-478.7501546641747,-59.259186,-38.17277
50.86263211394561,-479.3021957175144,-41.85429,-40.906086
51.20071641257983,-479.83839673740135,-46.61589,-42.29978
51.54303279611425,-480.3591411689295,-31.583483,-32.73173
51.89050128628833,-480.86484606136713,-62.473427,-46.00329
52.244067391663705,-481.3559614918421,-32.146904,-40.44142
52.60470039139764,-481.8329699248683,-72.81409,-104.348045
52.97339154925885,-482.2963855045485,-57.216557,-29.790194
53.35115226001172,-482.7467532764008,-67.598656,-75.15509
53.73901213059228,-483.1846483359921,-56.84632,-31.556879
54.1380169989783,-483.6106749019476,-57.339275,-27.72011
54.549226894272216,-484.0254653114308,-56.952877,-27.901716
54.97371394215237,-484.4296789368474,-60.53458,-28.670385
55.41256022042772,-484.8240010232497,-23.521597,-49.7823
55.86685556994634,-485.2091414465821,-66.27844,-64.39848
56.33769536655726,-485.5858333934131,-61.434975,-32.032288
56.82617826019269,-485.95483196321817,-56.240368,-27.944687
57.33340388741736,-486.31691269486345,-57.76251,-86.453186
57.8604705639833,-486.6728700198546,-45.55829,-32.527916
58.40847296402069,-487.02351564612434,-52.73587,-185.48987
58.97849979248812,-487.3696768773488,-57.915535,-29.206873
59.57163145741871,-487.712194873699,-64.375786,-57.137768
60.18893774839103,-488.0519228604261,-66.47136,-89.85873
60.831475527558105,-488.3897242908464,-66.345024,-67.21756
61.50028643945241,-488.726470970348,-55.004707,-33.42339
62.19639464559933,-489.0630411481051,-59.45048,-31.890697
62.92080458973143,-489.4003175832667,-71.72221,-87.056244
63.6744987991678,-489.73918559238905,-60.357613,-25.554787
64.45843572773065,-490.0805310847644,-64.59015,-66.564354
65.27354764535363,-490.42523859210337,-75.77405,-185.22473
66.12073857921398,-490.7741892988077,-55.075523,-38.21357
67.00088231080198,-491.12825907870285,-62.555294,-34.905746
67.91482043290935,-491.4883165434624,-59.682606,-54.147163
68.86336047009624,-491.8552211071025,-65.63393,-60.59491
69.84727406571118,-492.2298210700623,-58.469902,-47.462048
70.86729523794997,-492.6129517255985,-31.599516,-89.855225
71.92411870689307,-493.0054334905775,-69.94803,-74.82332
73.01839829419518,-493.40807006238623,-81.24136,-161.5888
74.15074539720582,-493.82164660385206,-69.97386,-75.82635
75.32172753958365,-494.2469279587886,-59.144485,-49.149426
76.53186700063067,-494.6846569018927,-60.53743,-35.01746
77.78163952549609,-495.1355524278213,-32.988335,-148.89189
79.07147311823822,-495.6003080850557,-28.811249,-109.291046
80.40174691971067,-496.07959036048845,-81.4749,-172.65527
81.77279017242704,-496.5740371206485,-52.468674,-36.347965
83.1848812748487,-497.0842561152485,-49.18841,-50.288788
84.63824692776744,-497.6108235483903,-35.319546,-59.46816
86.13306137550153,-498.1542827223156,27.498608,-43.04902
87.66944574447959,-498.715142758147,3.106148,-49.35149
89.24746748146893,-499.2938773977746,50.56699,-15.522312
90.8671398931614,-499.8909238910133,50.08501,-15.052154
92.52842178796728,-500.5066819722651,56.97683,-10.016753
94.23121721977012,-501.14151293099786,53.157036,-15.9874
95.97537533239432,-501.79573878038366,61.44362,-16.063808
97.76069030298024,-502.4696415285804,63.197586,-1.0779536
99.58690138239862,-503.1634625573707,66.66472,-7.155608
101.45369303097524,-503.877402112848,70.83094,-6.8123746
103.36069514784496,-504.6116189122659,75.56895,-13.912307
105.30748339214723,-505.36622987014965,79.780495,-19.995333
107.29357959409104,-506.1413099456735,82.76192,-17.630178
109.31845225367438,-506.9368921122696,83.98794,-30.522047
111.38151712451334,-507.7529674492967,88.99114,-39.402363
113.4821378798477,-508.5894853541975,89.939285,-46.54334
115.61962685738268,-509.4463538720056,91.55935,-57.65494
117.79324587917452,-510.3234401375493,94.00425,-60.141773
120.0022071422515,-511.2205709245143,99.30738,-72.58008
122.24567417516,-512.1375332947651,114.79812,-84.28147
124.52276285527093,-513.0740753408745,127.7664,-97.372086
126.83254248156128,-514.0299070144272,100.65815,-91.87685
129.1740368977582,-515.0047010322495,102.61089,-100.068825
131.54622566122003,-515.9980938522747,118.90692,-108.17262
133.94804525361565,-517.0096867103446,108.356804,-106.38355
136.3783903300411,-518.0390467088693,108.873405,-109.14656
138.83611500340157,-519.0857079479601,105.91233,-107.20859
141.3200341606264,-520.1491726895049,116.90581,-111.99431
143.828924806764,-521.228912544739,116.88967,-115.272255
146.3615274324569,-522.3243696761955,112.838234,-116.66366
148.9165473999041,-523.434958005355,110.64352,-116.165855
151.492656342276,-524.5600644177413,113.8838,-125.52666
154.0884935716629,-525.6990499575769,108.41236,-129.02266
156.70266749091147,-526.8512510046455,118.790215,-139.63454
159.33375700502998,-528.0159804268518,107.09803,-143.0169
161.98031292819874,-529.1925287030388,109.96424,-134.44981
164.64085938283378,-530.3801650116517,118.5549,-160.38136
167.3138951876,-531.5781382817454,116.962105,-163.98631
169.99789523173604,-532.7856782037757,137.86932,-179.30684
172.69131183358158,-534.0019961986794,108.67186,-151.99765
175.39257608187447,-535.2262863447972,112.38981,-165.54514
178.1000991592802,-536.4577262630789,134.45033,-182.05879
180.8122736487535,-537.6954779617863,138.07875,-179.74078
183.52747482463155,-538.9386886426227,133.94241,-194.2172
186.24406193160956,-540.1864914707271,112.64856,-173.6245
188.96037945571183,-541.4380063110966,106.764275,-175.29764
191.67475839193477,-542.6923404337648,132.8976,-189.93193
194.38551751340984,-543.9485891896966,119.797646,-174.87624
197.09096464680184,-545.2058366590928,114.00875,-196.39531
199.7893979582832,-546.4631562737788,146.2936,-212.23396
202.4791072538556,-547.7196114156128,113.4938,-197.78471
205.15837529699343,-548.9742559933622,147.92377,-205.36
207.82547914551813,-550.2261350011864,151.97585,-205.22324
210.4786915083748,-551.4742850626237,142.49281,-203.40826
213.11628212186184,-552.7177349645829,149.57718,-203.42928
215.73651914416328,-553.9555061859486,161.54102,-202.203
218.3376705668172,-555.1866134248886,215.8638,-213.61607
220.91800564192263,-556.4100651280139,201.8351,-227.01419
223.4757963242756,-557.6248640235262,211.13704,-225.70227
226.00931872795795,-558.8300076595791,256.19778,-209.37366
228.5168545969194,-560.0244889483043,203.86716,-217.81393
230.9966927887135,-561.2072967153307,192.81119,-220.867
233.4471307699993,-562.377416254248,203.83609,-222.3073
235.86647612195543,-563.5338298854035,202.78041,-216.87808
238.2530480535172,-564.6755175185579,233.99178,-236.06006
240.60517892032183,-565.801457219106,204.1543,-229.28664
242.9212157474886,-566.9106257778042,268.194,-204.8447
245.19952175499336,-568.0019992845095,214.25945,-224.10168
247.43847788540705,-569.0745537074711,194.50192,-215.49911
249.6364843348644,-570.1272654809192,224.08316,-230.82483
251.7919620889284,-571.1591121046087,198.1826,-225.05232
253.90335446525384,-572.1690727593221,181.90654,-207.79166
255.96912866463276,-573.1561289423269,199.18343,-213.72055
257.98777733134466,-574.1192651268675,268.32523,-218.13828
259.9578201231295,-575.0574694502513,229.59296,-221.58052
261.87780529082704,-575.9697344358735,226.73814,-227.38332
263.7463112678,-576.8550577553469,229.1202,-226.74054
265.5619482694874,-577.7124430374312,236.95808,-211.4583
267.323359903618,-578.5409007304303,226.56621,-226.3789
269.0292247915903,-579.3394490240069,256.22354,-218.07243
270.67825820110784,-580.107114834995,212.88579,-224.31871
272.26921368924474,-580.8429348600625,253.72655,-205.72466
273.80088475379176,-581.5459566963483,237.9387,-208.69624
275.2721064892721,-582.2152400297695,268.98145,-201.87805
276.6817572427201,-582.8498578895932,217.0232,-216.04279
278.0287602633442,-583.4488979669209,296.89062,-186.112
279.31208533954566,-584.011463993927,241.42844,-206.8383
280.53075041633195,-584.5366771802618,249.35681,-201.11601
281.6838231858402,-585.0236777031434,234.16553,-205.32408
282.77042264337655,-585.4716262480886,268.837,-202.01143
283.78972060089,-585.8797055973662,238.38687,-209.64098
284.74094314891965,-586.2471222626677,243.3898,-213.87692
285.62337205691216,-586.5731081572703,266.17285,-198.60951
286.43634610095233,-586.8569223016772,255.19891,-208.76627
287.17926230794825,-587.0978525558997,252.76302,-193.68523
287.85157710620325,-587.2952173713614,234.14262,-206.95432
288.45280737359803,-587.4483675556072,219.05551,-207.20683
288.9825313757578,-587.5566880432636,250.2085,-188.28088
289.4403895874304,-587.6195996668665,261.2291,-202.11934
289.82608539102097,-587.6365609213963,308.82043,-188.04025
290.13938564705904,-587.6070697167406,265.35983,-191.97504
290.38012113237073,-587.5306651126148,270.40454,-197.5672
290.54818684284004,-587.4069290304194,262.534,-194.73744
290.64354215878114,-587.2354879361345,261.44742,-194.0855
290.66621087199803,-587.0160144880281,223.1878,-191.4059
290.61628107442573,-586.7482291429747,269.95618,-190.05475
290.49390490866074,-586.4319017154386,248.81902,-193.58998
290.2992981806399,-586.0668528834012,292.33005,-188.10127
290.0327398343597,-585.6529556355507,251.76007,-190.51247
289.6945712881917,-585.1901366539548,298.27277,-193.29329
289.28519563242423,-584.6783776264244,263.56485,-191.75818
288.80507668835736,-584.1177164830157,248.67046,-196.19456
288.2547379305405,-583.5082485515028,244.53471,-183.77762
287.6347612752708,-582.8501276268676,246.31003,-188.42175
286.9457857399346,-582.143566949721,261.76465,-190.2279
286.18850597895147,-581.3888400884075,257.7488,-188.33025
285.36367070295483,-580.5862817198035,294.63998,-182.48943
284.4720809884216,-579.7362883046319,325.37363,-189.26761
283.51458848521065,-578.8393186540295,252.66353,-191.43445
282.49209352936685,-577.8958943847093,302.1168,-181.87538
281.4055431681997,-576.9066002602428,264.5953,-186.41075
280.2559291043325,-575.8720844160974,274.76746,-182.2806
279.04428556545093,-574.7930584663826,253.89316,-182.07382
277.7716871070002,-573.6702974908345,268.54074,-181.93622
276.4392463559161,-572.5046399012895,281.43338,-183.95862
275.04811170433914,-571.2969871876461,284.43213,-183.43481
273.59946496297835,-570.0483035439859,240.34676,-195.2271
272.0945189843274,-568.7596153759777,331.68524,-193.11433
270.53451526624053,-567.4320106908833,280.82617,-187.86215
268.9207215462895,-566.0666383714226,228.2839,-190.23816
267.25442939663753,-564.6647073345316,272.88626,-182.92476
265.53695182782207,-563.2274855757768,296.72647,-187.24037
263.76962090801567,-561.7562991000236,299.1952,-184.88632
261.95378540236374,-560.2525307389784,258.88492,-186.22498
260.0908084352143,-558.7176188563709,249.60982,-190.55876
258.18206517671604,-557.1530559416424,284.94672,-186.8535
256.22894055454844,-555.5603870929854,263.6504,-191.72734
254.2328269915203,-553.9412083905897,223.34631,-204.82037
252.1951221703121,-552.2971651611279,238.24605,-214.57214
250.1172268274124,-550.6299501348462,254.57936,-200.58261
248.0005425789449,-548.941301496988,201.5513,-226.11661
245.8464697813642,-547.233000835616,263.75958,-225.43025
243.6564054298948,-545.5068709883204,175.47913,-218.23871
241.43174109720684,-543.7647737908881,265.17075,-234.88448
239.1738609143436,-542.0086077318548,221.32433,-224.76395
236.8841395954544,-540.2403055178469,204.21214,-224.81265
234.56394050749597,-538.4618315555941,225.44798,-231.75174
232.21461378580295,-536.6751793573334,177.36104,-228.08185
229.83749449636355,-534.8823688770246,149.03342,-205.9919
227.4339008458567,-533.0854437854595,130.80151,-216.80264
225.0051324410285,-531.2864686929844,164.50055,-222.1359
222.5524685996608,-529.4875263291165,174.31873,-221.02423
220.07716671596737,-527.6907146887257,113.25172,-212.99599
217.58046068355665,-525.8981441547143,144.30713,-210.40427
215.0635593791829,-524.1119346073664,106.28374,-192.06949
212.527645210613,-522.334212530938,105.08477,-185.65186
209.97387273223504,-520.5671081285645,112.61836,-193.79597
207.40336733247813,-518.8127524569687,104.46739,-172.6528
204.8172239974927,-517.0732745924486,118.97526,-184.934
202.21650615566944,-515.3507988390809,111.92402,-153.4083
199.60224460735049,-513.6474419890163,108.966934,-152.48784
196.9754365434873,-511.9653106433235,112.0789,-166.98712
194.33704465607548,-510.30649860017326,110.63196,-157.73785
191.6879963421176,-508.6730843152503,119.226974,-159.63116
189.02918300191652,-507.0671284371176,107.54789,-146.27632
186.36145943188976,-505.49067141796905,104.58473,-136.10768
183.6856433118344,-503.9457311981087,115.72661,-138.15073
181.00251478652652,-502.4343009608356,104.51581,-125.65756
178.31281614149904,-500.9583469532016,118.458595,-129.24307
175.61725157269396,-499.5198063671591,136.71808,-136.92247
172.916487049429,-498.1205852748771,111.443,-114.16971
170.2111502697996,-496.76255661161457,104.591446,-100.96363
167.5018307073126,-495.447558199748,108.10151,-103.14881
164.78907974722912,-494.177390808471,107.89911,-94.58252
162.07341091073212,-492.9538162451257,115.54056,-95.70402
159.3553001645518,-491.77855547563365,106.57818,-81.15706
156.63518631303765,-490.6532867725734,107.181755,-78.92408
153.91347146891178,-489.5796438899077,106.23793,-70.95287
151.19052159817014,-488.5592142634137,104.49919,-70.47681
148.4666671338928,-487.5935372359669,104.222916,-59.988655
145.7422036531855,-486.6841023072612,102.52312,-55.527462
143.0173926112754,-485.8323474082616,97.21082,-46.467594
140.29246212703592,-485.0396572014832,95.69372,-55.59717
137.5676078147983,-484.3073614088019,96.77683,-40.636543
134.8429936579416,-483.6367331688668,97.274475,-50.284687
132.11875292027742,-483.02898742644624,97.481186,-43.856735
129.39498909176447,-482.4852793564637,97.06738,-43.076782
126.67177686577016,-482.00670282615965,94.50035,-36.933098
123.9491631458909,-481.5942888996808,96.96635,-50.43732
121.22716808102348,-481.24900439032376,93.88665,-34.556656
118.50578612777716,-480.9717504665553,90.636505,-49.240982
115.78498713946824,-480.7633613186553,92.2897,-14.654481
113.0647174809536,-480.62460289321655,89.28462,-16.637957
110.34490116846663,-480.55617170268863,87.18844,-25.724684
107.62544103340942,-480.5586937167679,87.74147,-40.43804
104.90621990882464,-480.6327233419103,85.4391,0.91849864
102.18710183723331,-480.77874249486456,81.147766,-12.726108
99.46793329879031,-480.9971597761482,81.951035,-19.967207
96.74854445907958,-481.2883097498655,79.009026,6.0618725
94.02875043599906,-481.6524523368771,74.547295,1.022368
91.3083525849246,-482.0897723285837,70.42582,0.8046709
88.5871398008006,-482.6003790280831,60.255466,-11.442558
85.86488983519588,-483.1843060241688,70.92815,-39.465614
83.14137062588813,-483.8415111018605,59.808426,-3.3561385
80.41634163635268,-484.57187629140594,34.26004,-90.33582
77.68955520266732,-485.375208056329,53.241886,-41.962463
74.96075788566719,-486.2512376202114,10.692872,-72.49408
72.22969182645018,-487.1996214312493,7.343981,-81.52878
69.49609610333152,-488.2199417629313,-13.258273,-96.98552
66.75970808803505,-489.31170744829245,-7.267724,-145.8626
64.0202647984644,-490.4743547442706,-17.048933,-202.58443
61.277504245109874,-491.7072483219108,-74.51778,-426.5579
58.531166768196826,-493.00968237751977,-75.562836,-247.0923
55.78099636299753,-494.3808818591365,-83.910614,-218.63246
53.0267419910501,-495.8200038017231,-72.353096,-150.35124
50.26815887514194,-497.3261387634701,-54.670532,-35.600662
47.505009775888766,-498.898312354945,-66.02845,-152.58633
44.73706624787656,-500.5354868528305,-68.9091,-145.85445
41.96410987381135,-502.2365628908641,-46.769154,-28.435728
39.18593347572671,-504.0003812221598,-42.731808,-50.226925
36.40234230262164,-505.8257245489792,-43.86821,-81.92687
33.613155193779214,-507.71131941764463,-41.75916,-50.303276
30.81820571667163,-509.6558381771772,-47.954536,-74.96666
28.017343278109,-511.6579010002532,-53.3533,-122.41413
25.21043420722494,-513.7160779644015,-46.80668,-62.063385
22.39736280882223,-515.8288911903109,-47.08205,-78.16941
19.578032385276,-517.9948170330136,-48.017838,-62.64773
16.75236622452205,-520.2122883208065,-41.141277,-45.88204
13.92030855074398,-522.4796966362916,-45.706787,-75.49735
11.081825433402864,-524.7953946338398,-38.307896,-27.870512
8.236905649423317,-527.1576983878582,-23.195543,-28.23481
5.385561492847804,-529.5648897663291,-42.220318,-131.22516
2.52782952621569,-532.0152188242715,-43.791245,-91.13751
-0.3362287317336254,-534.5069062122116,-38.43099,-58.739384
-3.2065261868850894,-537.0381455953195,-36.087288,-56.091774
-6.082949623344876,-539.6071060793888,-11.077584,-28.45794
-8.965359233366149,-542.211934640176,-17.785833,-20.748854
-11.85358822629333,-544.8507585527864,-49.197254,-117.7166
-14.747442518199128,-547.5216878177449,-47.65932,-111.28503
-17.646700502932852,-550.2228175801838,-49.25145,-146.45316
-20.5511129046545,-552.9522305383367,-41.68531,-68.77729
-23.46040271174449,-555.7079993373069,-41.734818,-191.77623
-26.374265192274382,-558.4881889437248,-47.103302,-205.68687
-29.29236799190912,-561.2908589962393,-34.0682,-120.48129
-32.21435131594926,-564.1140661258922,-43.018684,-228.02597
-35.139828197884334,-566.9558662397756,-31.905941,-158.73973
-38.068384857095445,-569.8143167613849,-36.96363,-232.82013
-40.99958114822414,-572.6874788217561,-98.73122,-327.26538
-43.93295110435648,-575.5734193963633,-104.21536,-340.76996
-46.868003575684426,-578.4702133834387,-127.458725,-380.52127
-49.80422296474004,-581.3759456197351,-104.82254,-327.74597
-52.74107005862391,-584.2887128300084,-175.37137,-422.61026
-55.67798295782185,-587.2066255068848,-188.44264,-464.40573
-58.61437810018444,-590.1278097183209,-190.77274,-441.84534
-61.54965137741407,-593.0504088404566,-195.36086,-496.90277
-64.48317934002382,-595.9725852142241,-190.70888,-481.92737
-67.41432048532452,-598.8925217245725,-194.44409,-490.50842
-70.34241662166968,-601.8084233016458,-188.62779,-479.67004
-73.26679430102122,-604.7185183436809,-206.89098,-520.468
-76.18676631097496,-607.6210600617142,-209.48965,-498.68738
-79.1016332167733,-610.514327746422,-213.35858,-531.09845
-82.01068494355934,-613.3966279576753,-216.92055,-525.65796
-84.91320238919053,-616.2662956377928,-203.89531,-516.6613
-87.80845905829393,-619.1216951500481,-223.0226,-556.61334
-90.69572270876616,-621.961221244685,-211.47778,-529.88275
-93.57425700240044,-624.7832999555052,-205.98494,-525.3213
-96.44332315169372,-627.5863894309384,-217.46072,-518.3397
-99.30218155528024,-630.3689807043053,-218.51099,-549.29407
-102.150093415011,-633.1295984086092,-222.49251,-541.9375
-104.9863223284586,-635.8668014415914,-213.7536,-506.35446
-107.8101358514326,-638.5791835869222,-211.73288,-498.03864
-110.62080702580174,-641.2653740973609,-224.88086,-563.5513
-113.4176158684172,-643.9240382455874,-227.43913,-553.0425
-116.19985081720108,-646.553877848331,-226.9382,-550.1254
-118.96681013061584,-649.1536317693559,-214.65778,-530.744
-121.71780323691706,-651.7220764066782,-218.0446,-517.90564
-124.45215202990484,-654.2580261689828,-215.81139,-541.88513
-127.169192108415,-656.7603339456016,-218.26015,-558.3743
-129.86827395764155,-659.227891573526,-214.93073,-506.3041
-132.54876407153208,-661.659630303556,-198.76903,-387.65588
-135.21004601663762,-664.0545212657778,-227.2595,-546.94257
-137.85152143857093,-666.4115759325442,-214.65436,-498.88055
-140.4726110125791,-668.7298465756683,-208.33432,-505.03894
-143.07275533991904,-671.00842671392,-216.69614,-525.60205
-145.6514157919036,-673.2464515467987,-221.95906,-525.749
-148.20807530360233,-675.4430983704062,-213.01318,-527.0478
-150.74223911916644,-677.597586970963,-226.1328,-540.526
-153.25343549071076,-679.7091799912891,-216.9845,-520.3708
-155.74121633274996,-681.7771832656015,-202.70926,-483.25797
-158.2051578342429,-683.8009461181547,-206.21863,-449.52606
-160.64486103006243,-685.7798616214748,-225.00824,-532.018
-163.05995233302085,-687.713366810123,-219.02293,-511.49445
-165.4500840265974,-689.6009428460445,-221.48605,-529.4701
-167.81493471756835,-691.4421151316119,-216.76283,-506.99536
-170.15420974709124,-693.2364533665955,-221.9971,-558.5834
-172.46764155855936,-694.9835715456295,-202.1694,-439.68207
-174.7549900207241,-696.68312789335,-227.20926,-534.8324
-177.01604270506485,-698.3348247351419,-203.1852,-380.16818
-179.25061511686542,-699.9384083022007,-225.69077,-526.06396
-181.45855087961536,-701.4936684702703,-191.85768,-371.93567
-183.6397218721346,-703.0004384318233,-202.62962,-345.55182
-185.79402831746955,-704.4585943015662,-197.07593,-325.34903
-187.92139882233732,-705.8680546551104,-183.10889,-299.31046
-190.02179036563064,-707.2287800007449,-214.92181,-419.63867
-192.09518823408808,-708.5407721846572,-219.99075,-393.83807
-194.141605902792,-709.8040737305853,-200.22542,-378.09464
-196.1610848579492,-711.0187671154963,-213.52505,-457.06738
-198.15369435956347,-712.1849739833297,-235.41133,-541.7221
-200.11953114197328,-713.3028542991398,-178.53831,-268.92926
-202.05871905058723,-714.3726054462218,-186.9106,-274.73495
-203.971408613474,-715.394461269103,-186.69142,-358.13593
-205.85777654678276,-716.3686910656778,-204.05132,-388.64957
-207.7180251932892,-717.2955985322358,-181.58289,-264.73343
-209.55238189365227,-718.1755206656509,-184.63553,-346.2833
-211.3610982902597,-719.0088266275159,-182.63686,-261.42288
-213.1444495639091,-719.7959165754512,-191.77031,-335.86343
-214.90273360401184,-720.5372204671727,-193.89098,-307.88104
-216.6362701134736,-721.2331968432411,-202.75328,-338.14066
-218.3453996498289,-721.8843315948604,-194.70087,-305.68234
-220.0304826045684,-722.4911367236756,-186.62985,-257.96423
-221.69189812292885,-723.0541491010724,-186.6259,-259.1893
-223.3300429667748,-723.573929234687,-191.1199,-324.88644
-224.9453303236623,-724.0510600494349,-179.98686,-313.23468
-226.53818856579136,-724.486145689407,-190.14992,-255.98872
-228.10905996336515,-724.8798103458034,-183.06252,-280.64578
-229.6583993578468,-725.2326971151143,-188.75632,-258.60074
-231.18667280158047,-725.5454668912342,-194.73506,-316.1758
-232.6943561710181,-725.8187972952144,-189.26227,-259.30923
-234.18193376120877,-726.0533816469148,-201.5679,-348.89066
-235.6498968692476,-726.2499279837643,-191.05405,-258.33945
-237.0987423740912,-726.4091581326861,-185.86922,-299.92444
-238.5289713196022,-726.531806841446,-191.24585,-251.28848
-239.9410875070381,-726.618620975016,-194.36472,-257.2672
-241.33559610269455,-726.670358781255,-191.18828,-259.5669
-242.7130022662119,-726.6877892287691,-192.69986,-268.99298
-244.07380980504848,-726.6716914184382,-196.37271,-245.24294
-245.41851986052424,-726.6228540687155,-221.0672,-406.29123
-246.74762963046035,-726.5420750733224,-197.5025,-254.51935
-248.0616311328948,-726.4301611283861,-195.71584,-256.30536
-249.36101001489243,-726.2879274245847,-200.63123,-364.45035
-250.6462444102112,-726.1161973986511,-193.41602,-250.2242
-251.91780384939304,-725.9158025377923,-196.77759,-243.22348
-253.1761482254945,-725.687582230158,-195.74632,-245.25294
-254.4217268180577,-725.4323836542176,-195.12363,-251.30188
-255.6549773771204,-725.1510616995969,-191.71388,-267.22745
-256.87632526821403,-724.8444789116064,-191.73326,-277.8534
-258.0861826785291,-724.5135054515182,-198.29309,-247.84479
-259.2849478838152,-724.1590190648786,-200.54347,-344.01367
-260.4730045751662,-723.7819050508931,-237.82858,-503.55182
-261.6507212445889,-723.3830562269532,-204.21246,-259.13422
-262.81845062815216,-722.9633728832328,-218.28766,-348.8251
-263.9765292055645,-722.5237627227375,-201.49022,-246.73222
-265.1252767552295,-722.0651407825204,-200.17003,-241.24525
-266.2649959641279,-721.5884293323456,-198.96426,-243.38077
-267.39597209220483,-721.0945577479049,-200.08229,-309.7805
-268.5184726912907,-720.584462356429,-201.49399,-271.55338
-269.6327473789415,-720.0590862530366,-202.17265,-244.84882
-270.73902766788365,-719.5193790865326,-195.49281,-288.5406
-271.8375268518309,-718.9662968137592,-202.42033,-241.22353
-272.9284399481368,-718.4008014218749,-200.20279,-310.94763
-274.011943696999,-717.8238606178377,-207.34595,-243.94797
-275.0881966158479,-717.2364474839351,-210.42674,-243.75194
-276.1573391064542,-716.6395400976883,-206.45184,-233.5334
-277.21949361151246,-716.0341211140681,-207.4484,-239.75288
-278.2747648171933,-715.4211773077343,-208.04166,-231.81464
-279.3232398983452,-714.8016990729014,-209.89578,-236.99326
-280.36498880344647,-714.1766798783369,-209.78769,-231.40659
-281.4000645768059,-713.547115674831,-214.16853,-239.33752
-282.42850371578265,-712.9140042522137,-212.70854,-224.79425
-283.4503265609273,-712.2783445427949,-212.32388,-226.05975
-284.4655377169996,-711.6411358682434,-210.50299,-235.48482
-285.47412650282945,-711.0033771275537,-212.27243,-239.82458
-286.47606742799667,-710.3660659246983,-214.1401,-239.26172
-287.471320694346,-709.7301976354422,-211.59476,-249.63158
-288.45983272045135,-709.0967644133397,-212.36,-225.32597
-289.4415366872438,-708.4667541351711,-217.223,-245.19917
-290.416353102961,-707.8411492862274,-212.65257,-239.67236
-291.3841903852324,-707.2209257861902,-214.4463,-243.52078
-292.34494545756115,-706.6070517570181,-217.92548,-250.15334
-293.29850435694186,-706.000486235102,-211.6698,-233.23996
-294.24474284907114,-705.4021778306991,-209.84161,-230.30511
-295.1835270475616,-704.8130633381306,-212.24063,-226.56703
-296.11471403358235,-704.2340663006017,-212.77853,-239.69131
-297.0381524722183,-703.6660955341023,-212.15945,-233.43973
-297.9536832215028,-703.1100436157369,-215.04753,-233.02267
-298.86113992963624,-702.5667853426172,-214.70819,-233.09258
-299.7603496155819,-702.0371761677508,-215.57936,-238.44211
-300.651133228209,-701.5220506191824,-215.54118,-237.29266
-301.5333061794513,-701.0222207082481,-216.37886,-229.51352
-302.4066788473582,-700.5384743323478,-219.45337,-233.40665
-303.27105704520085,-700.0715736771205,-218.20668,-228.39606
-304.1262424529877,-699.6222536223878,-221.04112,-237.80936
-304.9720330080985,-699.1912201559861,-222.11438,-240.49252
-305.80822325240484,-698.7791487997766,-218.76906,-221.39323
-306.6346046339917,-698.3866830525602,-221.79451,-228.34161
-307.4509657620449,-698.0144328549783,-233.02177,-233.31317
-308.2570926134884,-697.6629730815439,-224.49567,-229.25948
-309.05276868977273,-697.3328420647252,-224.22237,-234.61017
-309.83777512220246,-697.0245401556846,-223.67268,-227.0032
-310.61189072448724,-696.7385283261535,-213.95569,-241.04012
-311.3748919917039,-696.4752268161391,-222.3583,-226.23538
-312.1265530454612,-696.2350138324995,-221.63844,-230.2406
-312.86664552584114,-696.0182243034228,-208.36606,-303.3787
-313.5949384317125,-695.8251486931989,-221.13602,-228.4336
-314.31119791209176,-695.6560318805749,-220.53242,-233.03403
-315.01518701204105,-695.5110721028733,-214.37056,-249.83925
-315.7066653769839,-695.3904199672018,-223.84425,-229.64622
-316.3853889193708,-695.2941775295103,-224.00676,-233.28148
-317.05110945151097,-695.222397441779,-205.06319,-279.8831
-317.70357428821,-695.1750821670951,-220.47621,-222.09485
-318.34252582269386,-695.152183261802,-220.96187,-221.18875
-318.9677010792293,-695.1536007233448,-222.51941,-220.80956
-319.5788312459685,-695.1791824019709,-226.22005,-229.63536
-320.1756411918913,-695.2287234741012,-224.0985,-225.94339
-320.7578489722762,-695.301965975056,-220.01767,-219.61098
-321.3251653277894,-695.3985983889784,-227.47032,-230.05278
-321.877293182894,-695.5182552942051,-221.23271,-220.5137
-322.4139271497244,-695.6605170628274,-223.24898,-229.54634
-322.93475304382895,-695.8249096136188,-225.83856,-229.74612
-323.4394474182326,-696.0109042178697,-231.43115,-228.2258
-323.9276771220317,-696.2179173580331,-220.89445,-226.43431
-324.39909888907835,-696.4453106395977,-225.19897,-224.02702
-324.85335896129124,-696.6923907572956,-234.40854,-224.70444
-325.29009275001897,-696.9584095175738,-237.22311,-225.56473
-325.7089245379262,-697.2425639199113,-234.08997,-225.50063
-326.10946722314634,-697.5439962997377,-235.82074,-219.83907
-326.4913221068901,-697.8617945353111,-239.33731,-219.77496
-326.8540787252767,-698.1949923201333,-231.89099,-237.20697
-327.1973147258648,-698.5425695016694,-238.25056,-227.50403
-327.52059578921745,-698.9034524865356,-227.46721,-211.90805
-327.8234755958427,-699.2765147120857,-231.24548,-213.93112
-328.1054958389416,-699.660577184427,-231.48921,-210.97003
-328.3661862833957,-700.0544090831638,-215.56688,-284.14172
-328.60506487124223,-700.4567284334324,-228.41776,-208.69492
-328.82163787354904,-700.8662028460013,-228.50073,-217.81714
-329.0154000882736,-701.281450326455,-231.15723,-221.95518
-329.1858350834449,-701.7010401548064,-230.7743,-225.43834
-329.3324154847629,-702.1234938373104,-236.9746,-216.31662
-329.4546033063522,-702.5472861326693,-243.22783,-229.44556
-329.5518503230083,-702.9708461550387,-233.78214,-223.94579
-329.62359848207586,-703.392558556177,-236.3709,-223.90077
-329.66928035328897,-703.8107647888447,-242.86223,-220.59053
-329.68831961539126,-704.223764453242,-238.83932,-228.13472
-329.6801315788015,-704.629816727854,-241.14195,-219.6632
-329.64412374365594,-705.0271418855323,-241.21985,-226.13713
-329.5796963922394,-705.4139228952996,-228.87738,-222.88875
-329.48624321440235,-705.7883071104583,-241.9722,-199.16206
-329.3631519643202,-706.1484080439764,-252.41232,-221.74553
-329.2098051468409,-706.492307232366,-242.73755,-197.98956
-329.0255807314707,-706.8180561891545,-241.76224,-198.7476
-328.80985289165824,-707.1236784488498,-246.5903,-225.19656
-328.5619927666253,-707.4071717023559,-253.498,-218.20522
-328.2813692428296,-707.666510025105,-253.80112,-234.311
-327.9673497524014,-707.8996461993439,-243.34348,-194.43579
-327.6193010864972,-708.1045141316749,-246.02992,-211.74533
-327.23659022222216,-708.279031366079,-258.44998,-216.97478
-326.8185851623051,-708.4211016915265,-260.4978,-229.78607
-326.36465578693804,-708.528617842311,-246.38188,-198.37926
-325.87417471721244,-708.5994642886108,-252.45465,-202.75891
-325.3465181895987,-708.6315201144114,-258.03818,-218.10558
-324.7810669410764,-708.6226619796178,-255.13841,-215.05057
-324.177207104747,-708.5707671628796,-264.82504,-209.80785
-323.53433111584576,-708.4737166813579,-250.38528,-218.60283
-322.8518386278661,-708.3293984833418,-257.83606,-212.49487
-322.12913743809634,-708.1357107091288,-250.83217,-199.96397
-321.3656444214376,-707.8905650148001,-262.3148,-224.74626
-320.5607864710858,-707.5918899525665,-251.7838,-199.93526
-319.71400144455384,-707.2376344004763,-252.4812,-215.03017
-318.82473911354265,-706.825771033612,-256.92416,-214.42264
-317.8924621163607,-706.3542998283773,-255.86507,-211.44785
-316.9166469120621,-705.8212515909353,-256.75873,-208.11528
-315.89678473627265,-705.2246915002804,-262.75708,-215.74506
-314.83238255956456,-704.5627226560323,-235.5167,-255.05052
-313.7229640497815,-703.8334896211193,-249.9486,-214.90053
-312.5680705397293,-703.0351819501051,-255.49126,-205.18533
-311.3672620014231,-702.166037694704,-236.52075,-245.1512
-310.1201180279955,-701.2243468786969,-255.00345,-220.74341
-308.82623882448746,-700.2084549348488,-260.8691,-209.53674
-307.4852462088565,-699.116766096573,-267.55075,-228.5414
-306.096784624453,-697.9477467370722,-261.18423,-213.69864
-304.6605221649587,-696.6999286485101,-248.07524,-196.58578
-303.17615161252604,-695.3719122535098,-253.63145,-218.888
-301.6433914897071,-693.9623697410246,-257.50912,-224.3093
-300.0619871256923,-692.4700481185027,-253.30627,-207.04646
-298.4317117372535,-690.8937721721225,-255.38579,-216.1915
-296.7523675245337,-689.2324473264931,-261.79874,-220.39806
-295.0237867813549,-687.4850623946311,-258.47366,-209.6082
-293.2458330189535,-685.6506922086148,-243.15193,-241.44672
-291.4184021010857,-683.7285001213387,-246.0306,-234.70976
-289.5414233875394,-681.7177403700815,-257.67404,-212.20686
-287.6148608824568,-679.6177602928767,-261.1338,-216.22807
-285.63871438344154,-677.4280023889281,-261.8227,-209.19102
-283.6130206269188,-675.148006214862,-265.18506,-212.44919
-281.537854424444,-672.7774101097568,-263.21252,-206.1236
-279.4133297836787,-670.3159527435595,-264.42102,-208.61525
-277.2396010068642,-667.7634744851948,-265.89276,-214.1479
-275.0168637590352,-665.1199185880072,-264.6609,-204.76134
-272.7453560979032,-662.385332191137,-269.0814,-216.434
-270.4253594571218,-659.559867136271,-272.73737,-209.81473
-268.0571995744241,-656.6437805999815,-270.04263,-214.78163
-265.64124735592395,-653.6374355424294,-263.78165,-198.76196
-263.1779196678231,-650.5413009734424,-262.76108,-201.96954
-260.6676800469469,-647.355952036913,-266.59967,-207.47118
-258.1110393218843,-644.0820699143144,-267.51804,-193.62596
-255.50855613694,-640.7204415481342,-268.95804,-209.37427
-252.86083737164088,-637.2719591864359,-269.1157,-197.91376
-250.1685384493036,-633.7376197505768,-269.23166,-198.49979
-247.43236352916995,-630.1185240291265,-264.07263,-192.27953
-244.65306557766095,-626.4158757020497,-265.1452,-190.4931
-241.8314463151694,-622.6309802002003,-264.87436,-196.81084
-238.9683560354984,-618.7652434061715,-266.22614,-203.28369
-236.06469329583683,-614.8201702034144,-264.0878,-207.08287
-233.1214044762862,-610.7973628810921,-235.26025,-249.70128
-230.1394832094454,-606.6985194022383,-235.32472,-230.39656
-227.1199696821717,-602.5254315424855,-247.70929,-180.81761
-224.06394981300323,-598.2799829061081,-245.05954,-192.60591
-220.9725543095624,-593.9641468256735,-245.03485,-194.80547
-217.84695761049664,-589.5799841514843,-232.79779,-205.39844
-214.6883767163105,-585.1296409372709,-236.98372,-191.59637
-211.49806991301912,-580.6153460290857,-249.78566,-209.99724
-208.2773353921241,-576.0394085647016,-229.57855,-196.8776
-205.02750977019156,-571.4042153907817,-234.35474,-199.77284
-201.74996651147725,-566.7122284045605,-223.6348,-206.70866
-198.4461142576093,-561.9659818258239,-218.02103,-218.57771
-195.1173950691156,-557.1680794037625,-222.67828,-203.16263
-191.76528258431023,-552.3211915620383,-222.22049,-214.63074
-188.39128010158657,-547.4280524843692,-213.01465,-209.28506
-184.99691859146975,-542.4914571422485,-218.14761,-229.14687
-181.58375464480596,-537.514258266043,-209.43213,-316.30225
-178.15336836314438,-532.4993632604801,-208.47432,-207.49713
-174.70736119676494,-527.4497310652248,-200.27077,-223.55264
-171.24735373511416,-522.3683689608449,-192.47794,-246.28319
-167.7749834538004,-517.2583293201089,-182.14189,-343.69925
-164.2919024217504,-512.1227063045266,-177.72081,-333.4392
-160.7997749715891,-506.9646325064319,-188.859,-341.65903
-157.3002753357785,-501.7872755376111,-184.36633,-287.9847
-153.7950852506146,-496.5938345662946,-175.56696,-286.98297
-150.28589152989906,-491.3875368050776,-201.19942,-424.93927
-146.7743836100522,-486.1716339529154,-200.47911,-430.22537
-143.26225106865562,-480.94939859480496,-164.3855,-292.69125
-139.75118111884927,-475.7241205633472,-203.72035,-454.42914
-136.2428560825178,-470.4991032673835,-216.15044,-491.4883
-132.73895084568258,-465.2776599943175,-171.3081,-353.84
-129.2411302999353,-460.0631101942229,-151.85815,-290.50922
-125.7510467740452,-454.8587757549124,-216.49757,-512.0242
-122.27033745996113,-449.6679772775984,-209.58563,-473.249
-118.80062183734576,-444.4940303627835,-209.2851,-496.14334
-115.34349910087352,-439.3402419158742,-193.74562,-412.7054
-111.90054559530152,-434.2099064817742,-187.87663,-411.97632
-108.47331226503483,-429.10630261716335,-189.00847,-449.48267
-105.0633221272034,-424.0326893081745,-188.01845,-417.62936
-101.67206777934024,-418.9923024397704,-188.47522,-433.72464
-98.30100895384057,-413.9883513213341,-194.66756,-446.68097
-94.95157013128406,-409.0240152709741,-185.28807,-360.27524
-91.62513822378978,-404.1024402591655,-186.83209,-394.75876
-88.32306033833767,-399.22673561101647,-189.18385,-381.407
-85.046641628717,-394.3999707658278,-178.81477,-393.194
-81.79714324354252,-389.6251720925183,-189.23454,-404.53485
-78.57578037668648,-384.9053197596757,-188.20174,-391.7377
-75.38372042557752,-380.2433446592897,-193.77507,-417.7497
-72.2220812621325,-375.6421253836455,-167.97546,-377.43173
-69.09192962056977,-371.1044852554786,-186.43605,-409.10934
-65.99427960589118,-366.6331894123137,-189.91063,-425.58783
-62.93009132629343,-362.23094194671467,-177.9154,-376.49075
-59.90026965217061,-357.90038310475893,-181.43146,-374.93512
-56.90566310383323,-353.64408654539864,-174.03499,-362.52557
-53.94706286967301,-349.4645566636676,-182.68475,-398.99643
-51.02520195611392,-345.3642259810661,-180.98636,-381.9105
-48.1407544701452,-341.34545260675543,-168.99498,-350.49637
-45.29433503462037,-337.41051777311435,-89.84436,-273.0201
-42.48649833607267,-333.56162344868983,-135.25829,-327.29105
-39.71773880459812,-329.80089003091206,-147.23544,-316.45343
-36.98849042519036,-326.13035412058605,-91.885765,-252.142
-34.29912667955727,-322.55196638037967,-155.41452,-342.81754
-31.64996061681769,-319.06758948028687,-30.44439,-140.93782
-29.04124505052261,-315.6789961341766,-92.46988,-257.5689
-26.473172878183835,-312.3878672327737,-0.04785212,-52.04153
-23.945877518144027,-309.19579007944986,-138.81421,-300.96518
-21.459433457580936,-306.1042567357942,-55.714474,-178.84724
-19.013856904970524,-303.114662484035,-135.30438,-341.14114
-16.60910654036527,-300.2283044131292,-131.61478,-283.42703
-14.245084357115118,-297.4463801349161,-157.01428,-370.30548
-11.921636588955865,-294.7699866362618,-58.68607,-203.8844
-9.638554716600977,-292.20011927259,-76.6096,-267.61703
-7.395576548082518,-289.7376709075373,-81.32736,-242.06999
-5.192387367203437,-287.3834312026572,-37.866238,-163.12608
-3.0286211447470883,-285.1380860601984,1.8808737,-44.692097
-0.9038618075704492,-283.00221722111854,-29.177622,-163.82529
1.1823554387964978,-280.9763020198216,-127.10729,-319.2597
3.230542738137119,-279.06071329675206,-72.560394,-222.34593
5.241258166173244,-277.2557194699632,-129.8,-351.05038
7.215104271933782,-275.56148476682336,-31.386461,-168.15854
9.15272658199361,-273.97806961673723,-121.13906,-299.83572
11.054812071740548,-272.5054312050025,-72.166725,-234.3769
12.922087607900266,-271.14342418698646,-127.71506,-330.65997
14.7553183665208,-269.89180156098035,-107.075935,-297.9389
16.555306230321364,-268.75021569737,-20.09084,-139.59724
18.32288816881733,-267.7182195210366,-28.609087,-171.2888
20.058934604249817,-266.7952678432272,-26.875734,-160.81537
21.764347766313225,-265.98071883865066,-20.273373,-157.7334
23.44006003892597,-265.2738356632884,-62.506477,-224.14725
25.087032302533213,-264.67378820830345,-20.616604,-142.45741
26.706252275366666,-264.17965498544464,-31.392427,-171.63873
28.29873285659781,-263.7904251393996,-37.474403,-203.86128
29.86551047356193,-263.50500058256347,-10.332134,-103.97989
31.407643434577107,-263.32219824763524,-27.253159,-151.2166
32.926210288666184,-263.24075245343835,-32.125786,-172.71182
34.422308193735084,-263.2593173795123,-25.537994,-137.6084
35.89705129522812,-263.3764696453801,-25.732805,-148.79134
37.35156911774384,-263.5907109908815,-35.841877,-207.4421
38.78700497252317,-263.90047105440254,-30.368729,-174.66415
40.20451438420263,-264.3041102460195,-42.062336,-236.45592
41.60526354076378,-264.79992271235886,-25.43642,-157.21338
42.99042777103528,-265.3861393892816,-49.811222,-267.40845
44.36119005419977,-266.0609311374307,-30.374294,-177.92256
45.71873956543358,-266.82241195451496,-40.14208,-228.1999
47.06427026115061,-267.6686422573221,-27.094007,-163.3736
48.39897950651182,-268.5976322261413,-37.61675,-213.76828
49.724066747061606,-269.6073452045512,-35.512253,-204.80016
51.04073222562286,-270.69570114812984,-30.451527,-160.55374
52.35017574486822,-271.8605801161447,-29.492489,-164.60785
53.65359547518117,-273.0998258004344,-54.664223,-319.81616
54.95218680650032,-274.4112490855529,-32.6462,-166.0771
56.24714124189034,-275.7926316340185,-34.31494,-180.43076
57.53964532970673,-277.2417294901698,-9.303669,-165.35274
58.83087963043988,-278.75627669547936,-49.42879,-312.82687
60.12201771367018,-280.3339889071584,-50.33025,-327.01523
61.41422518019285,-281.9725670107731,-53.40012,-344.92166
62.70865870441872,-283.66970071679486,-34.327354,-164.35399
64.00646509257128,-285.4230721308061,-53.02959,-298.52954
65.30878035276659,-287.2303592874649,-62.52171,-406.07446
66.61672877356085,-289.0892396389476,-59.006317,-370.32233
67.93142200782681,-290.99739348907576,-66.219666,-427.56708
69.2539581588206,-292.95250736454653,-56.068676,-360.34912
70.58542086510947,-294.9522773147287,-63.844486,-397.95062
71.92687838085912,-296.99441213151835,-52.12182,-404.4559
73.27938264804021,-299.0766364809241,-50.266464,-417.30966
74.64396835751297,-301.1966939385014,-36.3095,-427.32233
76.02165199665505,-303.3523499215203,-54.344746,-410.9448
77.4134308820845,-305.54139451169823,-30.963602,-421.39648
78.82028217692249,-307.76164516318835,-20.194756,-431.3625
80.24316189273635,-310.01094929103704,-51.161026,-429.15192
81.68300387663606,-312.2871867353668,-31.005333,-475.77704
83.14071878393472,-314.5882720961474,-24.287579,-460.6649
84.61719303646716,-316.91215693286927,-25.210077,-477.45258
86.11328776632064,-319.2568318231629,-32.1097,-469.47867
87.62983774457017,-321.6203282748585,-31.16041,-467.5962
89.16765029472077,-324.00072048723734,-71.784904,-462.63104
90.72750419090984,-326.3961269589786,-35.40666,-485.81726
92.31014854143989,-328.804711942073,-62.60387,-498.6793
93.91630165882144,-331.2246867424298,-41.95408,-529.72095
95.54664991811086,-333.6543108688558,-56.587143,-517.2496
97.20184660581322,-336.0918930325346,-79.46753,-545.49603
98.8825107619242,-338.5357919992046,-89.92771,-630.8226
100.5892260178888,-340.9844172961692,-1.2453228,-551.40735
102.32253943351408,-343.43622977618566,-54.30443,-578.29535
104.08296033625577,-345.88974204020366,-43.06502,-592.9127
105.87095916670232,-348.3435187208849,-84.34673,-628.93896
107.68696633437617,-350.79617662896305,-13.237181,-650.1365
109.53137108813328,-353.2463847649152,-89.958824,-673.8152
111.4045204054853,-355.6928641990144,-25.394022,-616.6966
113.30671790506308,-358.1343878232884,-27.914347,-661.5612
115.23822278625236,-360.5697799789717,-31.611313,-614.84973
117.19924879993908,-362.9979159627893,-62.917885,-653.0233
119.18996325442748,-365.4177214151403,7.640898,-575.3508
121.21048606089556,-367.82817159325066,-3.9666634,-510.0485
123.26088882315358,-370.2282905327397,35.746414,-405.14542
125.341193976936,-372.6171501017448,42.79089,-495.08722
127.4513739843671,-374.9938689525432,37.08149,-410.65756
129.59135058938872,-377.3576113762806,78.90777,-397.0272
131.76099413962322,-379.7075860668076,48.812702,-492.28958
133.9601229793137,-382.0430447997694,108.399254,-274.22086
136.1885029167577,-384.363281033185,109.882,-273.04562
138.44584676829962,-386.6676284360742,50.895573,-373.5448
140.73181397983691,-388.9554593524147,60.33611,-427.94598
143.04601032620695,-391.2261832086799,100.403336,-272.89938
145.3879876887669,-393.479244874007,80.34397,-377.1738
147.7572439117113,-395.71412298228046,104.29754,-255.80472
150.15322273786987,-397.93032822497577,145.70918,-223.26645
152.5753138246955,-400.1274016227998,149.01562,-210.97939
155.0228528408515,-402.3049127833552,161.14453,-207.66739
157.49512164333262,-404.4624581513201,158.85521,-205.60492
159.9913485345451,-406.59965925670286,150.59802,-245.3809
162.51070859835798,-408.7161609654588,140.79413,-245.66095
165.0523241139309,-410.811629735386,177.78693,-170.78242
167.61526504622756,-412.88575187924505,177.84094,-228.3797
170.19854961261473,-414.93823183683446,187.3537,-173.31802
172.80114492570675,-416.96879045822783,135.69916,-257.31796
175.42196771332306,-418.9771633010729,184.87651,-229.65974
178.0598851167437,-420.9630989453789,191.20497,-219.29636
180.7137155683093,-422.9263573295157,195.39458,-169.90784
183.38222974899577,-424.8667081113736,176.63809,-258.27893
186.06415162612757,-426.7839290588549,199.55876,-225.97357
188.75815957097868,-428.6778044739952,209.7826,-180.57475
191.4628875556611,-430.5481236548653,160.81418,-288.42746
194.1769264285129,-432.3946793989997,213.78311,-184.12791
196.8988252672765,-434.217266551564,127.64006,-303.0112
199.62709280965356,-436.0156806009567,219.53296,-191.5085
202.36019896112825,-437.7897163239908,215.56291,-241.34285
205.09657638008755,-439.5391664823197,189.78506,-286.73105
207.8346221401787,-441.2638205715531,140.12578,-299.39575
210.5726994695532,-442.9634636247149,210.01605,-284.02814
213.3091395662125,-444.6378750722208,223.96535,-232.33627
216.0422434882405,-446.2868276610887,164.01181,-303.1197
218.77028411736785,-447.9100864362861,217.74907,-235.51814
221.49150819403863,-449.50740778671,218.97807,-252.97429
224.20413842178297,-451.0785385573767,196.41878,-308.22156
226.90637563821724,-452.6232152283728,213.5568,-299.07983
229.59640104952567,-454.14116316038985,198.78954,-289.8942
232.27237852498664,-455.632095906253,213.25693,-300.37805
234.9324569479577,-457.095714587404,221.75096,-271.3449
237.5747726195175,-458.5317073335603,222.68793,-309.2315
240.1974517105352,-459.9397487828679,146.91017,-324.76648
242.7986127573717,-461.3194996391421,227.17586,-265.336
245.37636919593248,-462.67060628245423,242.6593,-240.13734
247.9288319285529,-463.99270042934046,225.50919,-281.82944
250.45411191819795,-465.2853988391166,239.16771,-255.6674
252.9503228046197,-466.5483030630611,230.41641,-308.70602
255.41558353734416,-467.7809992335091,242.98714,-280.84677
257.8480210205677,-468.9830578901567,140.59769,-319.3747
260.24577276515674,-470.1540338411018,200.3728,-315.9954
262.6069895429392,-471.2934660563549,281.97385,-268.3099
264.92983803839104,-472.4008775917097,276.29245,-268.50037
267.212503492727,-473.47577554090793,251.7484,-301.5831
269.4531923353735,-474.5176510139436,278.93362,-269.16156
271.65013479784386,-475.5259791392574,257.42337,-305.3417
273.8015875050398,-476.500219087786,287.25903,-277.98422
275.90583603882203,-477.4398141177291,261.54138,-313.87503
277.96119746830914,-478.34419164058704,266.93185,-296.17404
279.96602284097315,-479.2127633111558,280.89096,-282.8785
281.9186996284142,-480.0449251460889,220.41512,-312.50644
283.81765412071013,-480.8400576768802,265.52826,-315.10434
285.66135376329987,-481.59752614367807,281.21655,-286.35147
287.4483094304118,-482.316680736538,273.24625,-306.75784
289.1770776292373,-482.9968568908543,261.11856,-324.34454
290.84626262951497,-483.6373756439078,276.2277,-306.2889
292.4545185139676,-484.2375440596385,236.82689,-326.708
294.0005511459772,-484.7966557287411,280.92126,-302.98862
295.4831200517275,-485.3139913508593,303.04794,-293.95966
296.90104021456943,-485.7888194050432,259.51663,-321.9719
298.2531837795969,-486.2203969137629,212.05093,-330.76755
299.5384816666298,-486.6079703046246,241.27977,-334.6245
300.7559250902172,-486.9507763725363,212.84492,-326.3569
301.90456698586763,-487.2480433436775,263.12372,-334.49246
302.98352334222733,-487.4989920415737,279.6989,-316.31033
303.9919744391774,-487.7028371550458,278.6875,-324.35272
304.9291659918652,-487.8587886076485,262.69257,-328.94003
305.79441020074074,-487.96605302808143,264.82135,-311.86237
306.5870867078833,-488.02383532058633,246.58914,-325.53815
307.306643460249,-488.0313403333953,305.89606,-296.78748
307.95259748073653,-487.9877746220791,299.08206,-301.94333
308.5245355479266,-487.8923483034956,266.44382,-318.05252
309.0221147849037,-487.7442769952047,294.4951,-310.26938
309.4450631568369,-487.54278383476543,282.14584,-321.26517
309.7931798762364,-487.2871015731928,233.85318,-326.0304
310.0663357142963,-486.976474736941,234.85954,-311.12
310.26447321666365,-486.61016185293965,308.0667,-298.2784
310.3876068223024,-486.1874377311718,280.8147,-318.71597
310.43582288458515,-485.70759579877927,295.5543,-318.6324
310.40927959405803,-485.16995047878765,281.59824,-328.2738
310.308206802439,-484.573839605672,306.13403,-308.39285
310.132905747406,-483.9186268695984,298.15735,-322.73846
309.88374867767334,-483.2037042814631,296.22754,-322.96893
309.5611783777581,-482.4284946516466,309.3063,-312.81195
309.1657075917123,-481.5924540762888,284.71262,-333.4606
308.69791834495027,-480.6950744254764,268.06418,-334.95212
308.15846116312684,-479.7358858278917,248.70653,-324.97958
307.5480541867545,-478.71445914634216,311.62466,-320.68237
306.86748217990095,-477.63040843837376,171.92224,-310.55676
306.1175954309754,-476.4833933959715,319.54642,-318.65558
305.29930854341,-475.2731217582455,321.12112,-319.5179
304.41359911402714,-473.9993516910939,287.3539,-339.43716
303.4615062970744,-472.6618941281608,330.70935,-312.6926
302.4441292523162,-471.2606150678585,323.86285,-321.094
301.36262547613995,-469.79543782168986,337.9952,-321.1219
300.2182090152709,-468.26634520968497,322.6274,-325.89816
299.01214856332496,-466.6733816995069,231.00055,-329.60062
297.74576544101325,-465.0166554863719,312.87933,-335.67514
296.42043146130464,-463.2963405109178,322.372,-327.02646
295.0375666812336,-461.5126784114411,319.6784,-331.2185
293.5986370423189,-459.6659804059776,326.08603,-326.81586
292.1051519017856,-457.75662909913626,265.25714,-319.5234
290.5586614570002,-455.7850802087461,273.80508,-333.5868
288.9607540657618,-453.7518642080945,316.45566,-316.7252
287.31305346531906,-451.6575878803182,310.84274,-333.7746
285.61721589324287,-449.5029357818867,291.5416,-332.71146
283.8749271136767,-447.28867161189527,365.5191,-318.9283
282.0878993531842,-445.0156394832349,335.86584,-323.89545
280.2578681515116,-442.6847650909653,326.825,-325.60956
278.3865891339647,-440.2970567727152,209.61722,-315.73987
276.4758347134869,-437.8536064558039,320.55035,-314.20663
274.5273907316347,-435.35559048597946,308.5661,-324.79782
272.54305304838647,-432.80427033302976,294.5503,-316.94568
270.5246240911573,-430.2009931688307,307.554,-300.98715
268.4739093735517,-427.5471923134469,298.45502,-291.4509
266.39271399414463,-424.8443875446047,272.3444,-303.52896
264.28283912484983,-422.0941852653042,296.84988,-268.08597
262.1460784973644,-419.2982785237659,259.65692,-303.75174
259.984214895131,-416.45844687956605,263.3614,-280.17816
257.79901665757205,-413.5765561099069,290.4421,-258.33313
255.59223420310207,-410.6545577504561,249.22131,-261.8853
253.3655965774991,-407.6944884658748,272.18408,-231.1534
251.12080803440188,-404.6984692458301,261.9392,-223.34714
248.85954465495175,-401.6687044230159,253.12042,-209.13055
246.58345101397657,-398.6074805107586,226.52263,-246.08475
244.29413690062452,-395.5171648593528,230.29039,-267.54443
241.99317410180808,-392.4002041321135,242.12598,-189.11365
239.6820932569135,-389.259122603689,233.7325,-198.71742
237.36238079189317,-386.0965202840745,237.71564,-170.8015
235.0354759402869,-382.9150708721291,213.59738,-244.07248
232.70276785821548,-379.7175195425297,223.85423,-192.33354
230.3655928400331,-376.506680570098,224.94199,-155.80666
228.02523164103783,-373.2854347951192,231.31108,-146.92476
225.68290691337023,-370.0567269325068,229.68414,-147.23215
223.33978076104069,-366.823562726648,226.37637,-135.37498
220.99695242001232,-363.5890059528739,217.47885,-143.25977
218.65545606943547,-360.3561752660254,216.77275,-144.08444
216.31625878034967,-357.1282408966318,218.47217,-125.944244
213.98025860818984,-353.9084211957332,221.17007,-127.266785
211.6482828351293,-350.6999790302245,203.30212,-185.34465
209.3210863677583,-347.50621803167337,212.62474,-109.48672
206.99935029509265,-344.33047870287766,204.40134,-110.37917
204.68368061162795,-341.1761343879622,204.7265,-92.27476
202.3746071101461,-338.0465871132698,192.15375,-114.04345
200.07258244915877,-334.94526330711426,188.31447,-128.70103
197.77798140005928,-331.87560940625303,191.24928,-106.657555
195.4911002789285,-328.8410873558504,180.75285,-147.21912
193.2121565672099,-325.8451700082781,171.26294,-165.80057
190.9412887240679,-322.8913364248957,178.8278,-45.295155
188.67855619153133,-319.9830670842029,168.19534,-88.609276
186.4239395920557,-317.12383899937146,153.02567,-153.84985
184.17734111729396,-314.3171207479958,137.35655,-227.1017
181.93858510658225,-311.56636741698014,146.44554,-143.88087
179.7074188136238,-308.8750154660424,138.07864,-151.4841
177.4835133598193,-306.24647751456905,133.60057,-148.32709
175.26646487252154,-303.68413705844864,123.56449,-162.97533
173.0557958061462,-301.191343125655,124.94876,-136.09827
170.8509564435607,-298.77140488138326,121.658455,-107.631615
168.65132657454643,-296.427586195433,114.793,-233.09462
166.45621734747525,-294.16310018646845,131.17265,-13.98105
164.2648732897384,-291.98110375972306,112.88095,-145.30444
162.07647449193396,-289.8846921562612,102.50277,-217.28662
159.89013895031098,-287.8768935326244,105.11684,-137.79784
157.70492506148867,-285.96066358940783,108.16782,-190.00218
155.51983426316184,-284.1388802662855,98.85613,-144.71478
153.3338138144701,-282.41433851972823,93.759346,-159.13795
151.1457597097905,-280.7897451985847,90.02627,-211.83707
148.95451971962854,-279.2677140320553,90.00139,-200.32327
146.75889655191264,-277.8507607443619,90.15058,-276.06918
144.5576511264365,-276.5412983103592,67.529724,-414.7813
142.34950595456263,-275.3416323661158,78.704094,-206.04393
140.13314861567295,-274.25395678791443,70.362595,-284.69724
137.90723532134888,-273.280349452223,81.68754,-152.9161
135.67039455807492,-272.4227681881035,50.290447,-413.27374
133.42123079950454,-271.6830469324384,49.612774,-432.38568
131.15832827989837,-271.06289209745296,44.20533,-409.74002
128.88025482098422,-270.5638791594225,46.05392,-414.9376
126.58556570499904,-270.18744947711167,19.11514,-645.83484
124.27280758696811,-269.934907348153,14.4755945,-620.5701
121.94052243930628,-269.80741731097254,17.759745,-581.0559
119.58725152158746,-269.806001698793,5.9179296,-696.31213
117.21153936796716,-269.93153845067394,-35.356937,-671.89624
114.81193778446854,-270.1847591827467,3.312757,-632.3345
112.38700984825007,-270.566247521275,-0.5820321,-624.83563
109.93533390100362,-271.07643769826933,0.78305894,-626.72186
107.45550752872772,-271.71561340999034,-1.1425774,-568.5037
104.94615152030386,-272.4839069382924,-52.412586,-615.3636
102.40591379753153,-273.3812985339597,-2.1900847,-600.2128
99.83347330938216,-274.40761605999506,-4.016305,-550.8288
97.22754388308552,-275.5625348916343,-10.136711,-589.1936
94.58687802433164,-276.84557806902745,-19.10272,-548.1118
91.91027065857106,-278.25611669812474,-38.768467,-530.5068
89.19656280533832,-279.79337059513784,1.4020878,-390.75153
86.44464517779004,-281.45640916974384,-2.6251945,-448.88232
83.65346170014614,-283.2441525417607,12.3312845,-293.918
80.8220129362825,-285.15537288542646,4.2797565,-356.08807
77.94935942326671,-287.1886959950724,5.8846397,-308.8047
75.0346249041863,-289.3426030662642,5.8777156,-286.5187
72.07699945520973,-291.6154326873786,-2.3055334,-419.94128
69.07574250227746,-294.0053830377004,4.500347,-300.677
66.03018572283747,-296.51051428905464,-16.993885,-488.23904
62.93973582749547,-299.1287512085105,-3.5019922,-445.17368
59.80387721562003,-301.8578859597878,-9.958864,-474.55432
56.6221744982844,-304.6955811008018,-0.10830623,-348.82977
53.394274881681774,-307.6393727744749,-28.478832,-479.692
50.119910404230176,-310.68667408955014,-15.949892,-414.8791
46.79890002076611,-313.8347786876106,-61.47852,-490.22684
43.43115152736456,-317.0808644917952,2.1582434,-311.5391
40.01666332036288,-320.421997631856,-5.3020864,-414.0857
36.55552598311301,-323.85513653928024,-6.196621,-414.31198
33.04792369390168,-327.37713620531395,-69.07701,-436.52838
29.494135448482727,-330.9847525940671,-23.40503,-308.0857
25.89453609088068,-334.6746472025744,-54.020107,-379.59326
22.249597146587597,-338.4433917596599,-17.583645,-299.26892
18.559887452928443,-342.2874730555449,-38.46886,-279.28406
14.826073582136356,-346.2032978941874,-57.075462,-360.6661
11.048920053525366,-350.18719816029045,-41.532578,-226.6715
7.229289332112241,-354.23543599284244,-40.985508,-238.01035
3.3681416121859127,-358.34420905715706,-44.438316,-261.28662
-0.5334656143806953,-362.509655907751,-45.549126,-273.6833
-4.474378204071269,-366.7278614348155,-47.437267,-287.85104
-8.4533462200943,-370.9948623871386,-49.716892,-304.1701
-12.46902500098891,-375.3066529638911,-47.18272,-297.21368
-16.519976437091117,-379.6591904667582,-114.034874,-385.03183
-20.604670452159368,-384.0484010026229,-84.45814,-364.6316
-24.721486686974465,-388.4701852255024,-140.64369,-427.1343
-28.868716381257737,-392.9204241048661,-143.93285,-427.17828
-33.04456444980014,-397.3949847061713,-151.08118,-429.8666
-37.24715174806369,-401.889725968819,-147.20314,-434.269
-41.47451752166185,-406.4005044668056,-150.21077,-438.74628
-45.72462203333214,-410.923180137829,-154.83965,-439.53207
-49.995349360553,-415.4536219672024,-157.27455,-443.22876
-54.28451035677246,-419.98771361352107,-158.81323,-453.49826
-58.58984576911093,-424.52135896355554,-163.80083,-446.19006
-62.909029505332,-429.050487604194,-167.9304,-448.16748
-67.23967204291488,-433.57106019945405,-168.07329,-449.97336
-71.57932397318709,-438.0790737609005,-177.14076,-448.16428
-75.92547967353386,-442.5705668005348,-178.20271,-452.53815
-80.27558110052811,-447.04162435643,-182.37468,-452.4719
-84.6270216963636,-451.48838288287527,-193.70808,-447.7868
-88.97715040030153,-455.9070349983017,-202.24301,-446.0768
-93.32327575610935,-460.2938340855447,-193.30925,-456.16818
-97.66267010580788,-464.64509873997497,-199.68993,-451.9386
-101.99257385955175,-468.9572170617166,-204.17435,-453.1854
-106.310199831237,-473.2266507885808,-207.29448,-453.53098
-110.6127376294476,-477.4499392664417,-208.56206,-458.36618
-114.89735809341882,-481.6237032536064,-214.94968,-456.2773
-119.16121776351514,-485.74464855551815,-208.28102,-452.83127
-123.4014633752074,-489.8095694862226,-201.88185,-462.45834
-127.61523636487142,-493.81535215344616,-216.53679,-447.63733
-131.79967737515412,-497.75897756459983,-213.01697,-453.08755
-135.9519307471785,-501.63752455121056,-222.59302,-461.37646
-140.06914898637268,-505.44817250917,-220.96964,-455.4678
-144.14849718825215,-509.1882039519595,-222.93628,-455.39664
-148.18715741034546,-512.8550068738411,-213.06308,-454.14584
-152.18233297690506,-516.4460769200197,-206.13261,-455.2716
-156.1312527040206,-519.9590193611264,-212.4645,-464.33936
-160.0311750339135,-523.3915508701236,-215.82425,-453.9086
-163.87939206826184,-526.7415011007208,-218.5196,-460.234
-167.6732334914386,-530.0068140672411,-219.52647,-465.09537
-171.41007037577253,-533.185549326259,-219.47554,-468.92572
-175.08731886241745,-536.2758829602217,-218.96333,-453.5829
-178.70244371298898,-539.2761083629028,-217.7885,-464.58838
-182.25296172862883,-542.1846368261567,-213.3739,-455.6202
-185.736445034521,-544.9999979271594,-228.48518,-464.7599
-189.1505242290611,-547.720839715201,-227.4964,-420.3011
-192.4928913978449,-550.3459286971845,-228.90495,-441.22263
-195.7613029934259,-552.8741496212851,-238.14423,-424.85245
-198.9535825823663,-555.3045050587135,-232.44594,-461.05215
-202.0676234613335,-557.6361147841138,-234.97728,-429.0451
-205.10139114376395,-559.8682149557286,-245.1663,-470.6704
-208.05292571800507,-562.0001570969388,-246.68839,-459.96338
-210.92034407703972,-564.0314068811759,-242.70993,-442.3832
-213.7018420191188,-565.9615427226851,-246.50108,-416.46005
-216.3956962180356,-567.7902541763942,-233.64372,-352.0094
-219.00026606139772,-569.517340151237,-233.73563,-466.8861
-221.5139953549784,-571.1427069424342,-250.73299,-431.587
-223.9354138910229,-572.666366089094,-245.32599,-394.6018
-226.2631388783448,-574.0884320638185,-255.98535,-444.1982
-228.4958762322407,-575.4091198009121,-248.24065,-404.81427
-230.63242172256705,-576.628742069625,-236.60596,-340.13412
-232.6716619786478,-577.7477066989072,-250.96721,-430.6465
-234.6125753500513,-578.7665136605367,-256.8795,-430.4223
-236.4542326227548,-579.6857520182039,-247.68698,-414.69586
-238.1957975908254,-580.5060967511401,-249.51517,-339.91287
-239.8365274844465,-581.2283054619447,-247.70618,-383.67114
-241.37577325583388,-581.8532149791395,-252.20442,-392.863
-242.8129797252034,-582.3817378655317,-252.83572,-375.85095
-244.1476855894004,-582.8148588437855,-235.13284,-359.44614
-245.37952329610283,-583.153631150836,-247.35225,-402.06458
-246.5082187866824,-583.3991728330335,-254.1203,-401.91782
-247.5335911107969,-583.5526629941508,-253.06944,-452.62616
-248.45555191553683,-583.6153380085663,-263.11453,-443.47763
-249.27410481151804,-583.5884877118974,-255.24257,-327.0669
-249.98934461785845,-583.4734515809621,-248.80676,-375.3755
-250.60145648760687,-583.2716149141911,-258.80826,-441.7432
-251.1107149148972,-582.9844050226931,-244.88521,-333.71188
-251.5174826248408,-582.6132874413929,-246.36626,-327.2346
-251.82220934702136,-582.1597621691528,-244.38075,-363.8289
-252.0254304735905,-581.6253599464422,-250.1117,-350.06247
-252.12776560350463,-581.0116385787614,-255.28677,-389.8861
-252.1299169752911,-580.3201793136049,-255.60732,-381.24176
-252.0326677915898,-579.552583278295,-259.46747,-398.37405
-251.8368804392944,-578.7104679855453,-265.41913,-367.05658
-251.5434946092807,-577.7954639130996,-246.48206,-337.57925
-251.15352531957103,-576.8092111632529,-263.85886,-335.19885
-250.66806084553963,-575.7533562074807,-247.70993,-326.89316
-250.08826056057248,-574.6295487207699,-259.0402,-353.44653
-249.4153526905185,-573.4394385096616,-250.10387,-349.97974
-248.6506319853456,-572.1846725376472,-253.1022,-378.6986
-247.79545731171652,-570.8668920514987,-254.03903,-378.93738
-246.85124917080915,-569.4877298122416,-265.52338,-349.56778
-245.8194871465599,-568.0488074346077,-251.4399,-363.27002
-244.70170729038497,-566.5517328388147,-272.2707,-369.46445
-243.49949944903616,-564.9980978183642,-250.54158,-325.67377
-242.21450454248165,-563.3894757273342,-276.03946,-328.48398
-240.8484117986513,-561.7274192904832,-252.30905,-318.00253
-239.40295595173677,-560.013458539394,-260.52173,-349.35718
-237.87991441059168,-558.2490988777992,-258.60822,-344.0656
-236.2811044036819,-556.4358192791184,-256.26108,-389.07205
-234.608380106993,-554.5750706192133,-254.31888,-336.95056
-232.8636297612312,-552.6682741474457,-252.05421,-322.04282
-231.0487727843249,-550.7168200991465,-249.38033,-336.55118
-229.16575688457175,-548.7220664522818,-254.54095,-309.34576
-227.21655517896693,-546.6853378303605,-254.25739,-326.7719
-225.2031633206469,-544.6079245526406,-252.62827,-362.70605
-223.1275966391635,-542.4910818316997,-258.97568,-390.48804
-220.99188729743804,-540.3360291176049,-249.0906,-332.73172
-218.79808146958555,-538.143949587267,-263.47464,-361.76215
-216.54823654412476,-535.9159897770502,-260.51254,-391.74902
-214.24441835718991,-533.6532593562633,-259.07434,-409.91507
-211.88869846017275,-531.356831038747,-266.75906,-432.26294
-209.48315142595888,-529.0277406295,-269.07666,-426.92883
-207.02985219786936,-526.6669872032885,-249.69067,-356.04184
-204.5308734856947,-524.2755334123746,-254.93382,-409.51633
-201.98828321368592,-521.8543059206525,-257.34225,-393.05536
-199.40414202581852,-519.4041959614789,-253.25595,-375.54358
-196.78050085395992,-516.9260600164188,-261.15695,-401.08542
-194.11939855477024,-514.420720612006,-260.04916,-406.8549
-191.42285962129196,-511.8889672313343,-269.72687,-427.78677
-188.69289197516477,-509.3315573367862,-270.2892,-460.74112
-185.931484845126,-506.7492174995437,-261.34625,-428.34787
-183.14060673683068,-504.14264463090166,-260.76367,-425.42062
-180.322203498056,-501.5125073100159,-269.42865,-468.4647
-177.47819648217134,-498.8594472025839,-259.3535,-434.13467
-174.61048081151293,-496.184080564886,-262.46246,-438.14142
-171.72092374110062,-493.4869998274247,-262.00815,-458.2884
-168.81136312199052,-490.7687752521481,-259.2359,-448.10706
-165.88360596257087,-488.0299566571316,-260.39392,-449.1302
-162.9394270855049,-485.27107520259807,-252.83575,-435.35165
-159.98056787796273,-482.4926452320743,-251.16515,-471.30432
-157.00873513315574,-479.6951661621583,-254.58044,-459.83344
-154.02559998163264,-476.8791244139879,-259.93173,-439.51984
-151.0327969110358,-474.0449953793001,-248.72319,-435.17145
-148.031922873078,-471.1932454138955,-255.03423,-476.54388
-145.02453647662364,-468.3243338511343,-251.1425,-449.0826
-142.01215726606887,-465.4387150276581,-243.5175,-467.19635
-138.99626508458485,-462.5368403129787,-241.88759,-446.9429
-135.97829952204864,-459.61916013405056,-238.95724,-442.34695
-132.95965944762963,-456.6861259855594,-243.06932,-436.67905
-129.9417026271227,-453.7381924166467,-233.41432,-365.97833
-126.92574542525,-450.7758189853122,-227.53198,-440.8661
-123.91306259323711,-447.79947217271695,-229.62827,-424.2333
-120.90488714195284,-444.8096272507001,-217.77612,-447.7062
-117.90241030075984,-441.8067700967301,-234.50719,-444.9587
-114.90678156200316,-438.7913989510685,-225.3932,-431.40054
-111.91910881079023,-435.76402611117214,-219.38766,-448.50443
-108.9404585393582,-432.7251795584474,-225.35414,-439.1952
-105.97185614478524,-429.6754045126129,-218.12451,-437.6035
-103.01428630808108,-426.6152649092218,-221.48097,-430.76523
-100.06869345187424,-423.54534479620094,-226.81873,-433.95792
-97.13598227316902,-420.4662496453225,-207.56493,-427.84802
-94.21701834713356,-417.3786075742287,-217.22577,-427.82776
-91.31262879765367,-414.2830704741755,-215.98625,-421.1873
-88.42360303031249,-411.1803150384656,-225.72272,-432.44647
-85.55069352333682,-408.0710436869204,-214.5859,-431.05603
-82.69461667177465,-404.9559853827401,-215.63754,-424.509
-79.85605367980925,-401.8358963394312,-214.43855,-424.6518
-77.03565149584777,-398.7115606167347,-220.06981,-430.1099
-74.23402378499385,-395.583790605442,-222.62875,-422.39673
-71.45175193377293,-392.45342740167416,-212.9792,-425.3959
-68.68938608243266,-389.3213410718222,-220.33661,-426.15445
-65.94744618054811,-386.1884308100021,-212.97154,-428.1395
-63.22642306178137,-383.0556249904917,-205.13115,-431.98825
-60.526779533437306,-379.923881118021,-216.91847,-431.1745
-57.84895147611147,-376.79418567882345,-217.41283,-421.36865
-55.193348948478615,-373.66755389495046,-211.21144,-434.58478
-52.56035729217742,-370.5450293836035,-210.08852,-427.5255
-49.95033823162162,-367.42768372259104,-205.1427,-435.63373
-47.36363096315618,-364.3166159229737,-204.45178,-432.84943
-44.800553227301855,-361.21295181072406,-199.33653,-432.9244
-42.26140235728227,-358.1178433204292,-197.38516,-437.5748
-39.74645629706634,-355.03246770508684,-198.49199,-434.15918
-37.25597458299134,-351.95802666643846,-190.77615,-440.07852
-34.790199284525904,-348.89574540992226,-193.57108,-432.07925
-32.349355901470794,-345.8468716274732,-187.18256,-434.34308
-29.933654216360846,-342.81267441046793,-192.7821,-428.95062
-27.543289101711625,-339.79444309444784,-191.14488,-428.2423
-25.17844128212513,-336.79348603687123,-184.50285,-433.17795
-22.839278051410297,-333.8111293289272,-179.30363,-433.1281
-20.525953944974184,-330.8487154422707,-178.30298,-434.15973
-18.238611367808385,-327.9076018113264,-173.28159,-435.27133
-15.9773811783793,-324.9891593515891,-172.4671,-429.7234
-13.74238322864219,-322.09477091429056,-170.81918,-434.5617
-11.533726860325247,-319.22582967798,-169.32817,-433.62814
-9.351511357675944,-316.38373747780054,-172.48271,-429.6228
-7.195826357086043,-313.5699030733005,-172.39229,-426.91364
-5.066752214413341,-310.78574035543795,-168.66107,-425.54956
-2.964360331360592,-308.03266649319914,-168.38266,-432.0165
-0.8887134428810963,-305.31210002022544,-166.16208,-427.7649
1.16013413186351,-302.625458862232,-161.06673,-430.038
3.1821362720569524,-299.9741583068744,-157.86565,-431.94998
5.177254868081054,-297.35960891895303,-157.89723,-429.5858
7.145459661271326,-294.783214405224,-163.20412,-427.15903
9.086728107143497,-292.24636943435104,-156.258,-423.2543
11.00104525889463,-289.750457418494,-155.7575,-419.37192
12.88840366849481,-287.29684826357425,-153.17134,-419.5901
14.748803303237324,-284.88689609537573,-153.51932,-414.05682
16.582251475830784,-282.5219369683026,-148.51915,-416.52386
18.38876278577372,-280.2032865628556,-148.38315,-413.3016
20.16835906900918,-277.9322378769566,-144.93132,-403.62192
21.92106935212403,-275.71005891558366,-140.27435,-401.464
23.64692980693517,-273.5379903830936,-112.59551,-374.5221
25.34598370121284,-271.4172433830166,-105.77324,-356.06616
27.01828134144645,-269.34899713057393,-42.780594,-271.5666
28.663880003991203,-267.3343966833138,-46.458122,-285.3916
30.28284385175709,-265.37455069500555,-39.80274,-245.86958
31.87524383483606,-263.4705291975748,-43.791298,-265.5242
33.441157574953166,-261.62336141586496,-75.14021,-312.35822
34.98066923509206,-259.83403362054423,-81.10722,-336.31482
36.493869376804696,-258.1034870252712,-43.6571,-264.788
37.9808548084424,-256.4326157349002,-42.19326,-255.87563
39.44172842795952,-254.82226475192616,-27.743103,-161.2964
40.87659906429912,-253.27322804866265,-32.72103,-198.00188
42.28558132181582,-251.7862467128995,-55.059063,-301.92072
43.66879543262331,-250.36200717498176,-42.22852,-256.138
45.026367121955296,-249.0011395243349,-42.379387,-256.6302
46.35842749146191,-247.7042159234124,-45.372105,-275.78632
47.66511292484044,-246.47174912681984,-41.891388,-252.20526
48.94656501940505,-245.3041911128872,-33.96348,-201.64267
50.202930546221886,-244.2019318340892,-32.492504,-195.31056
51.434361440342826,-243.16529809143492,-41.85983,-252.63412
52.64101482154531,-242.19455253647,-40.518574,-242.96028
53.823053044929,-241.2898928031788,-29.079512,-171.31572
54.98064377981842,-240.45145077112213,-29.413527,-173.2421
56.11396011475407,-239.67929196073072,-43.11733,-257.72305
57.2231806860485,-238.97341506167464,-41.826088,-247.40916
58.30848982756385,-238.33375159521657,-34.50536,-202.3012
59.37007773996814,-237.76016571113908,-38.490723,-226.05914
60.40814067843387,-237.2524541193268,-39.371677,-231.22093
61.4228811582165,-236.8103461556632,-39.32065,-186.64378
62.41450817770977,-236.4335039816225,-37.952282,-219.1941
63.38323745856741,-236.12152291663463,-27.298061,-190.35815
64.3292917024753,-235.8739319018496,-34.802544,-190.74368
65.25290086422949,-235.69019409342272,-35.568233,-172.51567
66.15430244093129,-235.5697075831108,-37.167286,-195.35347
67.03374177729289,-235.51180624407425,-37.150375,-190.29321
67.89147238713599,-235.5157607004308,-36.793827,-171.22754
68.72775629104254,-235.58077942013185,-38.096016,-198.19699
69.54286436967628,-235.70600993175412,-35.84755,-175.27687
70.3370767314644,-235.8905401664714,-36.345455,-169.70715
71.11068309222225,-236.1333999267332,-25.79555,-166.61491
71.8639831632839,-236.43356248321535,-7.2108383,-164.02066
72.59728704407098,-236.78994630161023,-42.39257,-217.12651
73.31091561472986,-237.2014169007728,-5.7427626,-153.9172
74.0052009242333,-237.66678884340567,-12.305282,-175.55142
74.68048656910351,-238.18482785959304,-9.373817,-178.0919
75.33712805785659,-238.75425310202996,-4.6456137,-177.93529
75.97549315654048,-239.3737395300238,-25.663403,-216.25656
76.59596221126047,-240.0419204177365,-44.598907,-232.80528
77.1989284441473,-240.75738998103637,-40.097153,-185.04651
77.78479821966843,-241.5187061167546,-16.069735,-187.90982
78.35399127849104,-242.3243932477897,-27.184822,-176.33899
78.90694093639631,-243.172945267051,-17.391842,-296.77335
79.44409424621576,-244.06282857255863,-53.992836,-364.7336
79.96591212149043,-244.9924851852298,-14.751729,-272.71912
80.47286942137033,-245.96033594008472,9.45367,-131.27164
80.96545499689667,-246.96478374080155,9.071184,-194.68355
81.44417169913065,-248.00421686677203,10.547409,-181.34131
81.90953634973727,-249.0770123212137,-14.830879,-355.3063
82.3620796748075,-250.18153920854516,-0.046387374,-333.3558
82.80234620301921,-251.31616212900687,6.390963,-206.46773
83.2308941296419,-252.47924457828256,11.696756,-225.10301
83.64829514823496,-253.66915233967435,-1.8071465,-341.8306
84.05513425210849,-254.88425685631373,-1.583919,-369.9972
84.4520095078135,-256.12293857096574,-14.13784,-420.67245
84.83953180322466,-257.38359022116083,-4.8569098,-392.14755
85.21832457314675,-258.6646200776417,5.1996174,-312.2281
85.58902350568849,-259.96445511448474,-6.6891756,-521.4673
85.9522762327936,-261.2815440997973,-5.5917335,-522.9626
86.30874200828875,-262.6143605965784,-22.29579,-517.88873
86.65909137665854,-263.96140586411,-8.084947,-587.16
87.0040058355462,-265.3212116511116,-17.172318,-548.4874
87.34417749470421,-266.6923428728615,-40.364933,-572.6178
87.68030873372868,-268.07340016547914,-49.53697,-603.1385
88.01311186034548,-269.4630223114177,-1.0503782,-610.10767
88.34330877025953,-270.8598885308412,1.6457418,-671.7627
88.67163060869508,-272.2627206340279,0.42757818,-636.45557
88.99881743288054,-273.6702850303174,-41.072327,-626.4571
89.3256178739927,-275.0813945893317,-8.442318,-646.6107
89.65278879650292,-276.494910350207,-8.024439,-647.73456
89.98109495240075,-277.9097430745033,1.173747,-652.57086
90.31130862737206,-279.324854638546,-14.65471,-647.7035
90.6442092757577,-280.73925926133865,2.8196433,-660.57355
90.98058314114564,-282.15202456488754,-12.397268,-656.20715
91.32122285974006,-283.5622724646334,-0.06670741,-652.38257
91.66692704401606,-284.9691798884649,-8.510149,-650.07153
92.01849984441898,-286.3719793232649,1.5857404,-562.3866
92.37675048694874,-287.76995918805613,-10.878964,-672.1778
92.74249278441114,-289.1624640326206,3.2162435,-654.7272
93.11654461902972,-290.54889456016065,1.4765768,-657.0833
93.49972739414255,-291.92870747253767,-7.8587894,-677.7558
93.89286545288242,-293.3014151373241,-0.61161995,-628.39685
94.29678546189452,-294.6665850775547,2.9647067,-650.5691
94.7123157581902,-296.02383928744524,-7.9948244,-652.99646
95.14028565733844,-297.3728533798905,2.0663106,-629.55566
95.5815247216152,-298.713355573682,1.3439239,-668.37286
96.03686198748083,-300.0451255297983,-13.066418,-682.4662
96.50712515262109,-301.3679930468228,-25.761913,-635.96844
96.9931397235094,-302.6818366257315,-16.458,-687.1629
97.4957281249196,-303.98658191420765,-10.247393,-666.4276
98.01570877301906,-305.2822000404588,0.8912106,-597.3947
98.55389511360067,-306.5687058462855,10.590313,-544.54736
99.111094626673,-307.8461560288807,-4.5372753,-677.6268
99.68810779812527,-309.1146472005576,4.6940403,-656.626
100.28572705875948,-310.37431387531086,17.02452,-578.89716
100.90473569086431,-311.6253263907197,-64.68629,-673.0562
101.54590670279518,-312.86788877314643,4.5321455,-673.25446
102.2100016726658,-314.1022365535651,-42.145294,-664.30115
102.89776956315644,-315.32863454088874,-10.66117,-679.3514
103.60994551048292,-316.5473745595522,26.808792,-521.3023
104.34724959159487,-317.75877315839693,15.342272,-630.83813
105.1103855744847,-318.9631692984674,57.319633,-233.01218
105.90003965696332,-320.16092202795545,24.509672,-547.0259
106.7168791994486,-321.35240815302166,38.53476,-493.58725
107.561551457411,-322.538019913467,46.427296,-372.63425
108.4346823192411,-323.7181626721861,38.896526,-454.50558
109.3368750553598,-324.8932526270896,-43.734707,-626.009
110.26870908426643,-326.063714553916,39.43177,-466.24622
111.23073876095177,-327.22997958818297,65.80856,-262.1915
112.22349219278463,-328.3924830543572,-3.8261807,-507.73386
113.2474700875172,-329.5516623498762,56.487392,-411.88797
114.30314463722704,-330.7079548907461,63.95478,-300.6703
115.39095844085152,-331.86179612410416,57.55927,-398.06982
116.51132346689268,-333.0136176116755,56.38369,-357.0107
117.66462005729728,-334.16384518675744,37.160133,-381.65222
118.8511959734154,-335.3128971863288,80.53369,-213.36705
120.07136548490722,-336.4611827590076,54.800697,-481.89236
121.32540850223164,-337.60910024877154,75.18886,-268.73962
122.61356975300826,-338.75703565368207,48.39011,-491.4225
123.9360580023148,-339.9053611585326,69.82602,-298.27423
125.29304531698293,-341.0544337406104,13.119052,-459.53976
126.68466637422746,-342.2045938487034,18.844776,-502.89886
128.1110178155421,-343.3561641569336,78.88886,-253.22862
129.57215764766497,-344.50944839653334,75.47328,-271.67703
131.06810469330685,-345.6647302697977,86.42672,-158.55608
132.59883809490188,-346.8222724507912,9.149428,-476.1096
134.16429687473007,-347.9823156769782,76.89595,-250.50441
135.764379554476,-349.1450779351058,47.03309,-508.3829
137.3989438368073,-350.31075374375,46.21797,-490.29556
139.0678063509368,-351.4795135340778,66.19451,-345.73956
140.77074246336556,-352.6515031295032,49.895657,-412.7802
142.5074861541537,-353.8268433239965,78.88711,-260.16718
144.27772995822573,-355.0056295578885,20.345741,-418.71356
146.08112497044164,-356.18793168916983,82.01847,-230.50217
147.91728091248365,-357.37379385754053,46.93964,-346.0752
149.78576625907772,-358.56323443788153,59.717667,-437.2814
151.68610842072994,-359.75624607948515,25.303537,-479.89807
153.61779398000368,-360.9527958273024,95.80302,-212.52753
155.58026897839665,-362.15282532151946,78.23649,-287.88113
157.5729392511289,-363.356251071748,85.675964,-313.60736
159.59517080759548,-364.5629648018229,112.042366,-181.1708
161.64629025572546,-365.772833860652,106.29971,-226.86958
163.7255852688969,-366.9857016939719,113.98446,-221.84016
165.83230509436285,-368.20138837157936,69.81952,-344.75537
167.96566110235628,-369.41969116486376,108.547005,-263.2271
170.12482737515467,-370.64038517018,131.77773,-255.34723
172.30894133538806,-371.8632239743625,115.430565,-267.28442
174.5171044127433,-373.0879403590897,150.49911,-227.91498
176.74838274793214,-374.3142470408082,147.25238,-223.43712
179.00180793244033,-375.54183744287786,163.69266,-162.71417
181.27637778229305,-376.7703864968588,160.32587,-240.53561
183.57105714388427,-377.9995514704576,168.60876,-238.99013
185.88477872974528,-379.2289728203104,118.02099,-250.50882
188.21644398201525,-380.4582750682311,174.86665,-222.95303
190.56492396149133,-381.6870676997663,157.45566,-241.65729
192.929060260507,-382.9149460839165,178.3037,-238.14716
195.30766593830035,-384.1414924126608,170.69473,-234.2562
197.699526477742,-385.3662766584315,187.50316,-200.97896
200.10340076231327,-386.5888575470602,183.43137,-230.12013
202.51802207230332,-387.8087835432058,197.81348,-169.47757
204.94209909949367,-389.02559384480514,198.21988,-160.93892
207.37431698004693,-390.23881938243386,187.31818,-234.55544
209.81333834576023,-391.4479838186604,177.78102,-248.13956
212.25780439418227,-392.6526045418895,163.94608,-265.0548
214.70633597831716,-393.8521936491535,192.77368,-242.07011
217.15753471676655,-395.04625891281,197.7403,-211.44333
219.6099841252468,-396.2343047268816,195.6104,-254.17256
222.06225077052537,-397.4158330295608,200.77504,-222.88899
224.5128854479736,-398.5903441990678,192.31967,-277.97083
226.96042438401616,-399.7573379205989,209.07393,-222.14145
229.403390464584,-400.91631402252335,207.73988,-235.11546
231.8402944901284,-402.0667732802745,207.08496,-246.91154
234.2696364569304,-403.2082181865444,198.84764,-277.67267
236.68990686355667,-404.3401536865266,193.23863,-289.31897
239.09958804052192,-405.46208787708383,215.0926,-231.39891
241.49715550057653,-406.573532668848,218.87447,-212.04518
243.88107930664927,-407.6740044104136,219.1264,-218.16719
246.24982545445312,-408.76302447403503,217.9227,-244.45929
248.60185726713124,-409.8401198026368,217.99338,-227.65009
250.93563679992891,-410.904823418402,203.91162,-286.01343
253.24962625349744,-411.9566748935877,218.9491,-285.79556
255.54228939492728,-412.9952207844141,221.21056,-276.83984
257.81209298602363,-414.0200150289938,225.65753,-255.77629
260.05750821877587,-415.03061931045926,216.58052,-281.4823
262.2770121584483,-416.0266033867064,231.66693,-243.0455
264.4690891951054,-417.00754538818165,228.63623,-285.12213
266.63223250458066,-417.9730320845269,227.86221,-295.9999
268.7649455199011,-418.9226591195973,229.53053,-282.27026
270.86574341409704,-419.8560312128005,239.92513,-240.25714
272.9331545953005,-420.7727623235097,229.74411,-294.55222
274.9657222150646,-421.6724757749409,233.81633,-260.76538
276.9620056907516,-422.554804334452,234.82306,-260.76233
278.92058224253617,-423.41939024846994,230.88768,-298.7753
280.8400484451439,-424.26588523175457,233.57909,-268.16855
282.71902179408744,-425.09395041215646,231.4469,-271.12952
284.5561422859451,-425.9032562334131,230.47826,-307.6948
286.35007401214773,-426.693482319909,235.55954,-286.66025
288.0995067657687,-427.46431730860826,235.26862,-282.89954
289.8031576609051,-428.2154586542199,232.8676,-315.60297
291.459772764188,-428.9466124137272,245.9422,-280.09802
293.0681287374878,-429.6574930155547,247.80823,-279.51355
294.627034489862,-430.3478230170787,234.66594,-328.98315
296.1353328353855,-431.0173328524903,245.96744,-305.93204
297.5919021520756,-431.6657605718032,257.8108,-293.60007
298.9956580360187,-432.2928515714203,257.24588,-298.8543
300.3455549443133,-432.8983583170194,252.40466,-323.5784
301.640587820619,-433.48204006032194,265.7235,-289.87692
302.8797936978145,-434.043662552345,239.89018,-324.6524
304.0622532731346,-434.58299775687294,248.83452,-327.0714
305.1870924517868,-435.0998235688736,262.74045,-312.97034
306.2534838552393,-435.59392354312286,269.81064,-297.71198
307.26064829022823,-436.0650866382969,258.43478,-322.38028
308.2078561743167,-436.5131069814777,234.22816,-330.65253
309.0944289138229,-436.93778365768105,242.23021,-328.98215
309.9197402301664,-437.33892052879605,261.43442,-314.1825
310.68321743105446,-437.716326086204,244.9451,-325.6539
311.3843426232987,-438.06981334137873,233.08353,-319.51947
312.0226538643804,-438.3991997589927,262.2062,-325.36902
312.5977462502419,-438.7043072373107,265.7658,-320.66083
313.10927293725223,-438.9849621405058,261.31287,-321.30197
313.55694609679205,-439.2409953865034,272.92157,-310.6491
313.9405378011466,-439.47224259198896,269.7886,-320.30093
314.25988083918094,-439.678544273752,275.6478,-311.8691
314.51486945975984,-439.8597461033512,286.0116,-297.1762
314.7054600403798,-440.0156992108149,276.1749,-315.81458
314.8316716781761,-440.1462605328489,218.24655,-326.08945
314.89358670032783,-440.2512932013364,272.94382,-325.70923
314.8913510908575,-440.3306669682109,283.89,-313.59125
314.8251748308799,-440.3842586626262,280.45398,-317.61942
314.69533214945085,-440.41195267571874,232.47234,-325.58612
314.5021616822074,-440.4136414674314,282.41083,-313.7757
314.246066534918,-440.3892260892259,256.24756,-325.0357
313.9275142489013,-440.3386167161521,261.23038,-328.74417
313.5470366651486,-440.26173318144447,279.77936,-311.1003
313.1052296839929,-440.1585055063588,261.64844,-325.54144
312.6027529173514,-440.0288744174203,262.24286,-324.9841
312.04032923093007,-439.8727918429134,292.2217,-301.7755
311.41874417436134,-439.6902213805272,286.12842,-310.27612
310.7388452979963,-439.48113872849626,250.74113,-322.57825
310.00154135578344,-439.2455320729992,285.1827,-309.0128
309.2078013941428,-438.9834024247768,295.7445,-291.68576
308.3586537270584,-438.6947638981212,280.17776,-315.06293
307.45518479791184,-438.3796439260757,249.00708,-320.99695
306.4985379288741,-438.0380834071361,272.52747,-311.85504
305.48991195884577,-437.6701367806247,273.9452,-293.9582
304.4305597711069,-437.2758720297681,262.75958,-304.31738
303.3217867123292,-436.8553706130537,276.89545,-256.97128
302.1649489055535,-436.40872732562656,248.18529,-285.74112
300.96145146083995,-435.93605009318736,240.54713,-298.96365
299.7127465881006,-435.4374597010008,270.06424,-244.03543
298.4203316169322,-434.9130894604201,243.21468,-255.32037
297.08574692814307,-434.36308481509127,247.43565,-233.52301
295.7105738012347,-433.78760288884814,235.42792,-276.68137
294.296432181491,-433.1868119771775,237.12592,-253.12505
292.84497836974504,-432.5608909840466,233.8467,-264.76492
291.3579026375712,-431.9100288060445,247.80376,-199.82445
289.8369267707587,-431.2344236662967,237.20132,-210.12592
288.2838015445145,-430.5342824013771,231.66432,-214.01773
286.7003041347914,-429.80981970535487,235.42648,-191.91547
285.08823547115867,-429.0612573361783,228.68182,-203.79749
283.449417537479,-428.2888232907693,228.63634,-185.74529
281.7856906272196,-427.49275095628326,225.26518,-195.41257
280.0989105605498,-426.67327824576586,224.47237,-205.27502
278.39094587052256,-425.8306467268005,236.47977,-156.01547
276.66367496570393,-424.9651007516089,221.30399,-160.23422
274.9189832766926,-424.0768865964252,219.72769,-179.05878
273.15876039407027,-423.1662516169405,228.22089,-132.86812
271.384897205358,-422.2334434254845,227.97044,-133.43672
269.59928303837444,-421.2787090946077,215.35881,-142.35712
267.8038028179706,-420.3022943909219,209.56949,-148.08194
266.0003342425363,-419.304443042499,219.26537,-113.89147
264.1907449860445,-418.2853960428532,214.52663,-111.464516
262.3768899308501,-417.2453909944102,213.16931,-105.86607
260.56060843619406,-416.1846614941596,218.87143,-98.86428
258.74372164750446,-415.10343656374135,203.04758,-136.64159
256.9280298519222,-414.0019401258021,204.6221,-118.102135
255.11530988555384,-412.880390528505,212.91327,-108.97419
253.3073125976288,-411.7390001205725,209.80763,-102.38914
251.50576037625345,-410.5779748797172,211.15408,-107.13665
249.71234474011536,-409.397514097333,212.478,-104.72623
247.92872400029327,-408.1978101219331,200.49998,-129.93166
246.15652099611108,-406.9790481634342,214.55965,-98.61984
244.39732090868625,-405.7414061603351,209.02545,-103.3685
242.65266915554176,-404.48505471211513,201.35071,-152.25409
240.92406936936223,-403.210157079551,195.57907,-158.24284
239.2129814635342,-401.9168692559089,212.47832,-103.22377
237.5208197864042,-400.6053401121404,209.21178,-105.698654
235.8489513652825,-399.2757116193748,200.20427,-131.92636
234.19869424035568,-397.92811915208,211.94797,-107.31469
232.5713158880737,-396.5626918750091,197.70195,-188.97864
230.9680317333338,-395.1795532163301,208.88873,-103.111755
229.3900037498117,-393.7788214283344,199.52415,-146.14807
227.8383391479372,-392.3606102361839,199.78679,-160.6969
226.3140891501136,-390.9250295745178,203.45761,-121.98411
224.8182478528444,-389.4721864112847,203.60301,-117.22242
223.3517511755608,-388.0021856576617,200.6797,-133.04086
221.91547589623892,-386.5151311622322,208.90396,-102.60026
220.51023877424427,-385.0111267867715,207.73509,-98.08088
219.1367957610857,-383.4902775601989,210.17244,-104.49115
217.79584129976968,-381.95269090664914,199.1079,-143.71436
216.48800771321004,-380.3984779431861,207.1835,-99.585144
215.213864681738,-378.827754842327,201.92107,-116.35597
213.97391880928149,-377.24064425425183,197.33128,-118.270164
212.76861327729156,-375.63727678349136,209.56577,-72.221756
211.5983275849726,-374.0177925151757,210.18906,-50.061134
210.463377373871,-372.3823425863861,196.63008,-110.73665
209.36401433461552,-370.73109079827327,194.0934,-157.39372
208.3004261937566,-369.0642152640457,203.55396,-94.529526
207.2727367790867,-367.3819100869128,201.36221,-101.98422
206.28100616218651,-365.6843870611414,190.4826,-204.73787
205.32523087699164,-363.9718773888732,200.35255,-128.40494
204.4053442129384,-362.24463340515575,189.57617,-203.64183
203.52121658085304,-360.50293030341817,192.18065,-151.0476
202.67265594930623,-358.7470678531223,195.82632,-157.2371
201.85940834881836,-356.977372100575,194.992,-167.75096
201.0811584412537,-355.19419704313606,182.67854,-223.31944
200.33753015203823,-353.39792626656777,172.57152,-282.18222
199.6280873633755,-351.5889745351958,177.81879,-236.8968
198.95233466725423,-349.7677893249645,170.44305,-212.76538
198.3097181775633,-347.93485229039044,155.00122,-264.5578
197.6996264008644,-346.09068065775074,180.98882,-110.56047
197.1213911651705,-344.23582853828594,149.55171,-298.81717
196.57428860545167,-342.37088815631296,141.9997,-314.4974
196.05754020372197,-340.4964909876391,148.31738,-288.16904
195.57031388059656,-338.61330880353955,144.91306,-306.89438
195.1117251342109,-336.7220546151017,174.38509,-110.97203
194.680838221494,-334.8234835123449,136.42215,-344.54944
194.27666737624293,-332.9183933924888,128.47044,-392.1857
193.8981780584278,-331.00762557210766,144.0284,-264.90738
193.5442882295893,-329.0920652785159,149.0553,-229.54146
193.2138696497863,-327.1726420164039,108.9402,-371.80902
192.9057491919539,-325.2503298064096,117.69672,-351.67548
192.6187101696004,-323.32614729299763,134.03978,-270.34436
192.351493673675,-321.4011577197987,161.35034,-60.61549
192.10279991457224,-319.476468771374,91.15028,-471.53772
191.87128956578195,-317.5532322810189,56.2133,-606.43115
191.6555851064752,-315.6326438045125,88.7889,-464.642
191.4542721610817,-313.71594205969353,110.16206,-291.24527
191.26590083463063,-311.80440823164844,134.60991,-138.25098
191.08898704347823,-309.8993651434652,43.89166,-684.84344
190.92201384218083,-308.002176293126,73.339386,-559.34393
190.7634327486078,-306.1142447580713,41.702557,-693.98126
190.6116650706712,-304.23701196999104,95.00156,-388.6977
190.46510323903055,-302.3719563632926,72.533455,-567.75977
190.3221121507728,-300.5205919014908,120.899666,-239.81131
190.18103052942072,-298.6844664865232,112.00769,-288.02853
190.0401723067919,-296.86516025667976,127.38748,-203.88489
189.8978280322211,-295.0642837793219,88.36908,-412.08765
189.75226631440745,-293.28347614477576,88.461754,-367.3569
189.60173530047797,-291.5244029677507,109.23331,-217.85522
189.4444641956812,-289.78875430257125,102.837105,-220.76295
189.2786648256344,-288.0782424787,73.509834,-342.5336
189.10253324162267,-286.3945998635329,96.641754,-222.10065
188.9142513683693,-284.739576560013,79.435295,-264.4225
188.7119886929867,-283.11493804695084,53.763973,-384.80814
188.49390399339495,-281.5224627699898,60.640778,-354.8767
188.25814710437243,-279.9639396909865,84.8082,-216.48923
188.0028607196071,-278.44116580326187,84.26182,-216.82262
187.72618222849843,-276.9559436197368,95.745384,-164.80478
187.4262455867239,-275.51007864043663,79.649994,-223.5224
187.10118321956415,-274.1053768053087,80.21656,-216.60735
186.7491279567402,-272.7436419378939,85.36789,-185.16075
186.36821499720352,-271.42667318528885,50.44864,-388.47467
185.9565839020344,-270.1562624600476,81.48349,-174.20885
185.5123806133874,-268.93419189015,30.616762,-552.9767
185.0337594973226,-267.76223128379144,63.627316,-261.4518
184.5188854083636,-266.6421356163575,87.3583,-114.917496
183.96593577365832,-265.5756425472357,94.81823,-97.996994
183.3731026946067,-264.5644699738241,82.15163,-142.37975
182.73859506369703,-263.61031362928765,78.26818,-150.94019
182.06064069408225,-262.71484472967853,47.325108,-351.3523
181.3374884591812,-261.87970767531795,83.95651,-107.055046
180.56741043940755,-261.1065178108262,80.830475,-103.54269
179.74870407302615,-260.3968592476472,67.184044,-154.81238
178.8796943080353,-259.7522827521585,78.27532,-104.55253
177.95873575181062,-259.1743037013903,42.818798,-189.93314
176.98421481519375,-258.664400106986,40.226944,-197.39604
175.95455184812212,-258.22401070649926,41.696697,-198.18655
174.86820326489286,-257.8545331197481,41.784954,-188.27316
173.72366365840864,-257.55732206704045,30.794077,-211.18332
172.5194679037751,-257.3336876457467,29.781218,-211.84625
171.25419325217698,-257.18489366186145,26.163717,-198.71054
169.92646141611982,-257.1121560136225,26.973217,-201.3724
168.53494064703108,-257.1166411246525,57.64449,-114.15372
167.07834780596144,-257.1994644242153,58.38741,-127.76965
165.55545042777294,-257.3616888719652,47.418316,-152.30672
163.9650687788315,-257.60432352410623,56.239876,-126.11631
162.30607790796716,-257.92832213741065,57.570934,-115.59026
160.57740969040393,-258.33458180726024,55.188988,-115.884
158.7780548644194,-258.8239416358782,45.217922,-151.68712
156.90706506050736,-259.3971814271879,47.603836,-143.68877
154.96355482268686,-260.0550204052073,47.635315,-132.79582
152.94670362138257,-260.7981159534429,41.57893,-166.44086
150.85575785704455,-261.6270623732502,35.308773,-185.4813
148.69003285331328,-262.5423896594748,28.893742,-210.49329
146.44891483794615,-263.5445622918732,32.23238,-194.0917
144.13186290890926,-264.6339780409777,31.460457,-174.78017
141.73841098218378,-265.81096678745894,21.96623,-216.55103
139.26816971716738,-267.0757893548753,33.99572,-159.58965
136.7208284151636,-268.4286363569965,20.550753,-220.75801
134.09615688622776,-269.8696270624308,33.08979,-166.3758
131.39400727941668,-271.398808280737,17.105322,-225.37148
128.61431587121794,-273.0161532752868,31.509912,-170.44855
125.75710480662482,-274.72156070875155,33.132133,-165.27138
122.82248378691396,-276.51485362728533,33.725063,-161.39954
119.81065169761946,-278.39577848952604,26.86842,-183.25098
116.7218981695811,-280.3640042466598,32.199757,-165.65208
113.5566050655027,-282.419121480037,31.420456,-169.59267
110.31524788437592,-284.5606416031278,32.7913,-167.40273
106.99839707639252,-286.7879961349212,33.419117,-160.41637
103.60671926141605,-289.1005360521007,27.873583,-189.51065
100.14097834453712,-291.49753122721273,28.09351,-186.36826
96.60203652265407,-293.9781699593336,-6.4715405,-272.59552
92.9908551764278,-296.5415586025008,32.72813,-163.77605
89.30849564228816,-299.1867212956976,35.790302,-139.93668
85.55611985925897,-301.91259979680547,32.67151,-165.67334
81.73499088517225,-304.7180534218209,29.00437,-170.75986
77.84647327648183,-307.6018590897824,24.466475,-199.53928
73.89203332552094,-310.5627114732246,-3.828045,-258.09677
69.8732391487696,-313.59922325350124,-28.016424,-338.24072
65.79176061952194,-316.7099254799313,-36.19384,-353.32812
61.64936913827703,-319.8932680314568,-5.289969,-264.3296
57.44793723422748,-323.14762017939944,-42.232834,-369.62524
53.18943799143523,-326.4712712499286,-66.87244,-440.99936
48.87594429376199,-329.86243138479017,-41.162502,-372.12637
44.50962788343824,-333.31923239851614,-37.035484,-350.26932
40.09275822928424,-336.8397287296574,-66.44279,-426.62177
35.62770120192603,-340.42189848271346,-2.7511892,-229.37982
31.116917554733103,-344.06364455666863,-114.246574,-508.80856
26.56296121049941,-347.7627958556847,-163.31126,-565.81586
21.9684773549692,-351.5171085775921,-67.03649,-432.1432
17.336200339127224,-355.3242675762796,-83.262344,-482.96783
12.668951392829635,-359.1818877949328,-68.25921,-417.81128
7.9696361530403985,-363.0875157685055,-64.53225,-429.24963
3.2412420106893576,-367.03863119573685,-66.13889,-432.13895
-1.5131647192243909,-371.0326485829083,-82.28999,-479.64346
-6.290441799349831,-375.0669189628547,-107.244064,-499.10898
-11.087374238443324,-379.1387316934785,-69.28804,-430.04288
-15.900677621311017,-383.2453163404263,-68.2824,-448.00433
-20.727001594775675,-387.3838446488164,-207.73491,-565.7785
-25.56293350415021,-391.5514326088351,-208.11125,-556.73376
-30.40500217482493,-395.7451426194968,-206.68855,-553.42114
-35.24968183373587,-399.9619857538945,-77.68232,-469.90115
-40.09339616549909,-404.1989241280896,-161.368,-532.08875
-44.93252249782631,-408.45287337465805,-182.32979,-546.6466
-49.76339611059321,-412.7207052208687,-172.67363,-536.9602
-54.58231466278218,-416.9992501703829,-178.04524,-539.60095
-59.38554273159544,-421.2853002862568,-185.60081,-544.05505
-64.169316458348,-425.57561207219936,-213.63914,-548.6545
-68.92984829615415,-429.8669094487501,-198.02513,-549.8263
-73.66333185459814,-434.1558868212044,-195.05305,-548.6164
-78.36594683618573,-438.4392122364814,-214.71257,-558.6149
-83.03386405829973,-442.7135306265731,-207.32729,-555.11945
-87.66325055287513,-446.97546713679424,-213.2831,-542.68463
-92.25027473448333,-451.2216305377522,-201.09627,-551.7954
-96.7911116263011,-455.4486167206304,-192.56973,-545.2459
-101.28194813270382,-459.6530122757287,-126.54994,-421.6162
-105.71898834698936,-463.8313981541076,-181.67679,-527.4959
-110.09845888287362,-467.98035341169486,-170.54141,-511.02466
-114.41661421862018,-472.0964590345259,-206.06401,-543.8809
-118.66974204270676,-476.1763018431065,-194.2653,-540.0869
-122.8541685897032,-480.2164784732941,-207.80693,-542.5357
-126.96626395470504,-484.21359943054256,-205.88583,-531.0069
-131.00244737448114,-488.1642932137584,-154.25517,-379.14542
-134.95919246357363,-492.0652105043828,-204.55266,-529.5568
-138.83303239386564,-495.9130284157721,-182.73781,-509.26074
-142.62056500647486,-499.7044547974997,-178.37788,-508.69577
-146.3184578451603,-503.4362325886887,-211.72876,-532.64935
-149.92345310077485,-507.1051442137613,-215.22075,-544.57874
-153.43237245675988,-510.7080160131234,-217.76964,-544.077
-156.8421218263751,-514.2417227004528,-162.42604,-433.2963
-160.14969597328616,-517.7031918374113,-163.48947,-397.46716
-163.3521830081087,-521.0894083156383,-210.3011,-520.5145
-166.446768754294,-524.3974188347509,-217.98904,-540.8891
-169.43074097731386,-527.6243363638692,-198.81508,-489.3074
-172.30149347167506,-530.7673445730655,-160.86601,-401.05582
-175.05653000101225,-533.8237022202679,-195.9359,-480.2257
-177.69346808723324,-536.7907474786717,-176.4438,-439.1176
-180.21004264515275,-539.665902189629,-167.34648,-415.19498
-182.6041094591692,-542.4466760262069,-194.15408,-474.72568
-184.87364849846705,-545.1306705530441,-170.17586,-355.0637
-187.01676706711552,-547.7155831688158,-182.73782,-338.9567
-189.03170278524308,-550.1992109184139,-167.48148,-407.6125
-190.91682639704857,-552.5794541626157,-161.84268,-392.77115
-192.67064440075745,-554.8543200933996,-180.13979,-437.2392
-194.29180149494,-557.0219260833298,-170.5681,-370.5772
-195.77908283515345,-559.0805028577812,-182.89445,-441.8711
-197.13141609475616,-561.0283974792474,-205.10963,-487.1919
-198.3478733238644,-562.8640761335058,-196.02855,-355.05765
-199.42767260055084,-564.5861267079398,-176.12532,-392.49533
-200.37017946841564,-566.193261152788,-169.4751,-394.94125
-201.17490815467565,-567.684317616454,-181.07396,-393.4077
-201.8415225631081,-569.0582623464059,-171.02303,-400.1099
-202.36983703660837,-570.3141913481054,-173.82945,-415.92822
-202.7598168846138,-571.4513317962385,-205.11739,-352.2291
-203.0115786709652,-572.4690431950461,-171.5759,-393.5429
-203.12539025783732,-573.3668182870634,-175.90599,-421.06482
-203.10167060128344,-574.1442837114294,-193.93587,-370.31467
-202.9409892938448,-574.8012004140884,-185.46732,-380.7734
-202.64406584965155,-575.3374638129919,-181.46259,-396.70135
-202.21176872750615,-575.7531037220359,-178.01033,-425.7733
-201.64511408768277,-576.0482840379566,-206.61084,-365.0247
-200.9452642787983,-576.2233021946497,-174.57591,-418.00446
-200.11352605231264,-576.278588389357,-171.76216,-411.45618
-199.15134850400676,-576.21470458489,-188.35321,-397.07782
-198.06032074395847,-576.0323432915942,-190.52986,-398.84302
-196.84216929872417,-575.7323261322246,-175.9988,-421.2693
-195.498755251378,-575.3156021925492,-174.9508,-418.64246
-194.03207112664867,-574.7832461605308,-170.46577,-409.70975
-192.44423752964877,-574.1364562574645,-191.67044,-389.0155
-190.7374995476991,-573.376551965363,-179.4272,-428.26303
-188.9142229255958,-572.5049715558941,-174.72049,-418.0291
-186.97689002531683,-571.5232694270918,-178.7854,-425.99176
-184.92809558157848,-570.4331132548326,-191.01149,-395.9724
-182.770542264826,-569.2362809667898,-188.26193,-402.14157
-180.50703606323205,-567.9346575472672,-200.12097,-374.68674
-178.14048149509568,-566.5302316819209,-197.3511,-403.09653
-175.67387666265313,-565.02509225189,-180.41283,-428.13766
-173.11030815778182,-563.4214246874717,-176.81537,-422.23358
-170.45294582961486,-561.721507192362,-180.72372,-429.6957
-167.70503742394112,-559.9277068504949,-179.13983,-425.26178
-164.8699031045292,-558.0424756281857,-204.98279,-374.26575
-161.95092986702448,-556.0683462842704,-182.65717,-431.35852
-158.95156585655198,-554.0079282004068,-175.68893,-416.1674
-155.87531460036854,-551.8639031430957,-179.10834,-423.8509
-152.72572916677834,-549.6390209686248,-185.85033,-404.36578
-149.50640626116717,-547.3360952820061,-184.58612,-433.16946
-146.22098026960657,-544.9579990609234,-180.99033,-424.55896
-142.87311726014693,-542.5076602555868,-179.81052,-422.68292
-139.46650895175802,-539.9880573751374,-179.75493,-423.3476
-136.0048666609604,-537.4022150707909,-178.04636,-418.52786
-132.49191523656162,-534.7531997252714,-178.6993,-419.2364
-128.93138699361606,-532.0441150573386,-183.87622,-431.08313
-125.3270156588192,-529.2780977494664,-175.83559,-412.73892
-121.68253034091046,-526.4583131060592,-179.87813,-420.60095
-118.0016495409292,-523.5879507490126,-178.3408,-416.95435
-114.28807521796298,-520.6702203569982,-175.24365,-409.7339
-110.5454869262357,-517.708347454683,-177.97366,-416.78455
-106.7775360391312,-514.7055692581905,-186.25,-433.93768
-102.98784007520337,-511.6651305832759,-186.57397,-434.28812
-99.1799771404908,-508.590279822696,-185.62224,-383.2629
-95.35748050062494,-505.4842649990922,-173.88074,-406.0755
-91.52383329529437,-502.3503298995032,-165.15446,-387.60406
-87.68246340648757,-499.1917102974939,-172.40343,-402.66455
-83.83673849049292,-496.0116302687368,-182.19481,-426.53223
-79.98996118202871,-492.8132986055778,-168.57314,-394.01703
-76.14536447740029,-489.5999053356642,-164.83073,-387.69498
-72.30610730245625,-486.3746183492418,-166.51553,-389.51602
-68.47527027039742,-483.14058013935306,-191.77718,-448.46643
-64.65585163411806,-479.90090465884737,-181.56245,-424.05368
-60.850763437578095,-476.6586742976668,-187.11102,-437.52924
-57.062827870527855,-473.4169369831311,-172.63351,-412.10776
-53.29477383061981,-470.1787034048493,-187.0314,-446.77753
-49.54923369657294,-466.9469443645921,-198.05565,-466.7105
-45.828740315698,-463.7245882502346,-177.65349,-424.07172
-42.13572420878298,-460.5145186319424,-221.41544,-527.11163
-38.47251099504199,-457.3195719781552,-198.1095,-471.31418
-34.84131903948533,-454.1425354885193,-221.9301,-528.39716
-31.244257324665305,-450.9861450405768,-221.16878,-519.9405
-27.683323548401518,-447.85308324659786,-221.43826,-529.00305
-24.16040244898441,-444.7459776163488,-217.75148,-527.4428
-20.67726435956337,-441.6673988207595,-204.7461,-490.8473
-17.235563993728206,-438.6198590503545,-220.16591,-528.6442
-13.83683946433117,-435.60581046115726,-217.9943,-526.1922
-10.482511537176206,-432.62764370002367,-191.68802,-504.80026
-7.173883120430631,-429.6876865013799,-215.95734,-520.4573
-3.9121389897328815,-426.7882023482208,-213.55107,-530.28796
-0.6983457481024375,-423.93138919170127,-216.69731,-527.5435
2.4665479811568383,-421.11937822524976,-215.07036,-525.8131
5.58171113141441,-418.3542327104843,-208.88902,-510.77286
8.646429543488797,-415.6379468533351,-214.92528,-523.2186
11.660105095149646,-412.9724447299104,-216.63339,-530.07904
14.6222546148771,-410.35957926284544,-216.56905,-527.3061
17.53250858563131,-407.8011312499132,-215.02509,-524.3624
20.390609644229546,-405.2988084473004,-216.20445,-519.64233
23.19641088158346,-402.8542447100961,-211.27142,-525.8251
25.949873948904614,-400.4689991923306,-213.22995,-529.25354
28.651066975396724,-398.144555608504,-200.21431,-516.4976
31.30016230389521,-395.8823215580999,-215.63219,-527.2331
33.89743405195903,-393.6836279142528,-213.05965,-522.1922
36.44325550654822,-391.5497282776599,-212.03688,-517.99426
38.93809636038161,-389.4817984970168,-92.80155,-398.32147
41.38251979751,-387.4809362575722,-216.0919,-525.37286
43.77717943494638,-385.54816073960336,-215.82495,-522.43414
46.12281612670136,-383.6844123485458,-214.63602,-520.8511
48.4202546363909,-381.89055251819445,-213.77135,-524.60876
50.67040018463039,-380.1673635879526,-214.7144,-524.32056
52.8742348775558,-378.5155487546208,-214.9785,-526.68146
55.03281402295988,-376.93573209866526,-211.26968,-525.8322
57.14726234078546,-375.4284586843885,-214.60188,-522.4234
59.21877007522049,-373.9941947331584,-214.11215,-527.4573
61.24858901643658,-372.6333278689963,-213.63557,-527.43805
63.238028440985616,-371.34616743628567,-214.38353,-528.7703
65.18845098077408,-370.13294488988754,-208.68227,-527.69916
67.1012684311225,-368.9938142583272,-214.02292,-520.20074
68.9779375085805,-367.9288526808398,-215.25145,-520.7352
70.81995556900046,-366.9380610189114,-210.61374,-532.6027
72.62885629609133,-366.0213645426064,-213.53137,-529.2182
74.4062053704622,-365.1786136916383,-209.03517,-527.9704
76.15359612908203,-364.4095849110296,-212.86932,-522.32886
77.87264522507303,-363.71398156130334,-213.18922,-524.12683
79.56498829773808,-363.09143490325096,-214.11736,-529.4296
81.23227566266053,-362.5415051571701,-214.55101,-529.3014
82.87616803163468,-362.0636826360814,-214.01219,-532.1952
84.49833227211292,-361.657388951922,-214.44266,-537.1753
86.10043721571822,-361.3219782931342,-211.3952,-533.4308
87.68414952504477,-361.056738771428,-80.632454,-425.95578
89.25112962742044,-360.86089383484193,-183.77432,-508.4692
90.80302772359468,-360.7336037437359,-212.13908,-537.7066
92.34147987853002,-360.6739671061511,-211.98602,-536.6797
93.86810420073866,-360.6810224690318,-211.69354,-535.22125
95.38449711610735,-360.7537499618963,-209.82497,-528.92535
96.8922297420172,-360.8910729895088,-156.92366,-484.04016
98.39284436771122,-361.0918599699768,-185.51419,-512.4863
99.88785104707198,-361.3549261145875,-105.232216,-445.68405
101.37872431004642,-361.67903524564514,-212.83415,-536.6638
102.86689999881028,-362.0629016485759,-70.631615,-391.27145
104.3537722343832,-362.5051919547295,-152.60414,-495.97467
105.84069051882022,-363.00452705175593,-213.94113,-547.36957
107.32895697742954,-363.5594840190805,-118.76766,-477.527
108.81982374487808,-364.1685980865451,-28.239119,-366.03943
110.3144904986923,-364.8303646144926,-210.5799,-544.89465
111.81410214355724,-365.5432410936151,-214.34456,-547.7479
113.31974664982432,-366.3056491631079,-38.443188,-409.06076
114.83245304956564,-367.11597664617176,-109.66747,-464.68875
116.35318959325612,-367.9725796023207,-22.927814,-383.78925
117.882862069721,-368.8737843959133,-16.487001,-359.14987
119.42231229140933,-369.8178897798017,-39.515755,-406.62592
120.97231674642852,-370.8031689923801,-82.15667,-442.16385
122.53358541820462,-371.82787186606913,-36.659817,-402.2235
124.1067607731666,-372.8902269455311,-194.36566,-616.309
125.69241691647312,-373.9884436144889,9.10181,-358.16833
127.29105891544496,-375.1207142304945,-1.0083534,-360.93466
128.9031222899453,-376.2852162671217,-8.839371,-445.3296
130.52897266837925,-377.48011446289365,17.491163,-348.8774
132.16890560724664,-378.70356297596817,-39.672348,-618.08124
133.82314657135962,-379.95370754319146,-10.753236,-622.64276
135.49185107104725,-381.2286876414336,-36.411236,-618.8287
137.17510495201378,-382.52663864808136,-57.94624,-634.715
138.8729248330425,-383.84569399638224,-66.80796,-645.07275
140.5852586864318,-385.1839873203276,-55.45902,-632.1259
142.31198655586903,-386.5396545831768,22.163439,-446.933
144.052921406434,-387.9108361836394,-11.618901,-588.4931
145.80781010168013,-389.29567903407,44.460995,-305.9229
147.57633450325588,-390.6923386056383,32.024837,-431.44992
149.3581126890647,-392.09898093614726,25.491505,-461.48474
151.15270028627376,-393.5137845968551,12.345186,-583.2752
152.95959191550426,-394.934942615296,61.508118,-317.68
154.77822274240208,-396.3606643517593,68.49432,-354.24466
156.6079701326017,-397.78917732782406,-10.956516,-649.0445
158.4481554058441,-399.21872900605865,-3.1908798,-652.009
160.29804568459312,-400.6475885204595,40.33464,-611.9265
162.1568558319134,-402.074048357277,76.030846,-516.3704
164.02375047277502,-403.49642598570085,80.93786,-520.13904
165.89784609258672,-404.913065437693,114.23352,-304.5889
167.77821320679678,-406.3223388362061,8.420942,-658.7144
169.6638785958103,-407.722647871106,53.71066,-620.8666
171.55382760001157,-409.1124252222809,32.10199,-664.74615
173.44700646999692,-410.4901359295858,110.90504,-429.21893
175.34232476698918,-411.8542787093443,36.14059,-663.46234
177.2386578079563,-413.20338721710107,-1.942063,-644.9633
179.13484914961293,-414.53603125633225,117.96368,-476.3323
181.02971310552485,-415.85081793303306,41.789852,-665.9223
182.92203729085008,-417.14639275639416,161.88031,-265.45322
184.81058518952105,-418.42144068587896,57.63357,-642.98706
186.6940987387808,-419.67468712483264,41.902824,-657.436
188.57130092608188,-420.9048988605639,44.60491,-640.1555
190.44089839353467,-422.11088495089786,89.26854,-633.5759
192.3015840452456,-423.2914975574098,141.3471,-459.176
194.15203965285716,-424.44563272565904,119.038216,-545.16345
195.9909384544396,-425.5722311126895,124.08216,-523.40204
197.8169477417745,-426.6702786620504,111.77903,-574.71124
199.62873143121843,-427.7388072267916,47.964214,-652.58826
201.424952613808,-428.7768951412737,139.85616,-513.6663
203.2042760809188,-429.7836677430089,112.415955,-594.79895
204.96537082231288,-430.7582978458888,201.0372,-265.0381
206.70691249360829,-431.7000061659137,73.019005,-600.8626
208.42758585017944,-432.6080616998981,145.2182,-529.3323
210.12608714440225,-433.4817820566968,91.924416,-577.8798
211.8011264830184,-434.32053373944746,207.75449,-293.983
213.4514301411501,-435.12373237633136,137.27191,-537.4138
215.07574282922627,-435.8908428965568,110.37629,-585.3961
216.67282990889564,-436.6213796476608,84.32313,-569.18066
218.2414795537912,-437.3149064496953,127.83319,-561.6679
219.78050485049255,-437.97103658142566,78.4823,-553.3816
221.28874583415944,-438.58943269356297,139.96939,-568.76965
222.76507145247143,-439.1698066445489,147.41351,-572.6229
224.20838145126535,-439.71191925555735,137.4168,-569.6518
225.6176081758281,-440.21557998294736,146.2187,-570.0379
226.9917182829888,-440.6806465079968,106.10136,-557.85394
228.32971436059188,-441.1070242450344,112.85517,-565.0768
229.6306364523907,-441.49466576996593,146.82893,-574.23425
230.89356348777696,-441.84357017178417,137.04927,-574.4328
232.1176146170072,-442.1537823300965,232.2973,-364.80753
233.30195045357408,-442.42539212201615,121.999504,-400.79465
234.4457742260056,-442.6585335618419,260.17697,-244.52556
235.548332841697,-442.8533838767803,246.76309,-304.66415
236.60891786554487,-443.0101625216733,165.85675,-558.1017
237.62686641627465,-443.1291301354706,254.7319,-343.40634
238.60156198338444,-443.2105874420733,271.77133,-235.158
239.5324351674357,-443.2548740980126,250.25494,-367.60687
240.41896434591212,-443.262367489049,167.9744,-549.04645
241.2606762661764,-443.233481477234,163.64796,-522.4833
242.0571465664028,-443.1686650996121,165.74638,-557.40894
242.80800022491084,-443.0684012199658,249.98532,-339.69556
243.51291193792323,-442.9332051359182,169.06044,-516.03094
244.17160642517655,-442.7636231449503,154.06021,-393.93167
244.78385866190007,-442.5602310737812,166.2166,-501.23834
245.34949403457648,-442.3236327756607,266.7499,-300.51035
245.8683884168523,-442.0544585994994,186.38963,-529.30066
246.34046816125107,-441.753363833868,205.11911,-537.8533
246.7657100021479,-441.42102712821446,217.73004,-525.8513
247.14414086579816,-441.0581488935261,219.83784,-488.83316
247.47583758397124,-440.66544968527086,323.3095,-136.57338
247.7609265087617,-440.2436685726887,278.52814,-395.35526
247.99958302720813,-439.7935614999552,269.38837,-411.0051
248.19203097524527,-439.3158996458309,250.63806,-478.38834
248.3385419512022,-438.8114677888719,286.97397,-403.42825
248.43943452963603,-438.2810626852448,273.11725,-434.71982
248.49507337688425,-437.7254914658988,394.1507,-95.78079
248.5058682704107,-437.145570059346,243.09052,-470.59238
248.47227302485268,-436.5421216455367,289.1938,-356.07285
248.39478432856376,-435.9159751453509,249.89616,-455.56284
248.2739404952557,-435.2679637492549,251.43996,-475.1087
248.1103201359636,-434.5989234877834,316.0386,-312.11844
247.9045407569825,-433.90969184551136,279.33826,-411.0676
247.657257289677,-433.20110641885753,276.56372,-409.92087
247.3691605581923,-432.4740036164715,266.0903,-442.3639
247.04097569111693,-431.7292173994724,271.23822,-425.58487
246.67346048303696,-430.9675780577308,258.47488,-444.26416
246.2674037117289,-430.18991101788566,337.05054,-99.020355
245.82362341659967,-429.3970356788504,296.26297,-288.86166
245.3429651439964,-428.5897642710196,217.84558,-470.84467
244.826300165132,-427.7689007359543,237.5958,-408.3093
244.27452367252636,-426.93523962377895,234.31456,-403.435
243.68855296100767,-426.0895650058328,309.98755,-130.85013
243.0693255994077,-425.2326494002943,240.38617,-308.32916
242.41779759898628,-424.3652527085511,232.00824,-352.53226
241.73494158423895,-423.48812116002114,239.38567,-277.24115
241.02174497110545,-422.6019862630225,207.7213,-382.36853
240.27920815688992,-421.7075637592304,202.75464,-389.23434
239.5083427256733,-420.80555257933054,204.35371,-368.6302
238.7101696727565,-419.89663379773,199.4924,-373.9407
237.88571765164335,-418.9814695846204,199.56361,-380.4818
237.0360212470495,-418.0607021542815,252.84036,-170.4179
236.1621192773366,-417.13495270919344,218.11914,-244.4966
235.265053129663,-416.2048203803331,254.77138,-140.3764
234.34586513106692,-415.27088116506593,199.42891,-319.00394
233.40559695864812,-414.3336868653845,166.83696,-436.16187
232.44528809207105,-413.3937640307511,193.51074,-341.9963
231.46597431196457,-412.4516129112204,196.15529,-311.14548
230.46868624846408,-411.5077064276365,178.8849,-401.7759
229.45444798479488,-410.5624891664228,155.4694,-452.31372
228.42427572095127,-409.616376406819,189.33553,-314.0386
227.3791765019381,-408.6697531884237,206.78604,-205.3842
226.32014701380547,-407.72297342659454,172.69557,-395.90485
225.24817244910028,-406.77635908265216,188.31319,-241.36519
224.1642254417171,-405.8301993949775,165.50745,-415.54926
223.0692650698132,-404.88475017609017,166.92958,-358.40457
221.96423592474724,-403.9402331798095,93.9911,-601.2812
220.8500672439289,-402.9968355417672,88.02649,-613.9394
219.7276721057376,-402.05470929588654,143.64873,-454.35202
218.59794668492933,-401.1139709688277,194.15353,-168.8281
217.4617695670779,-400.1747012537669,164.72223,-303.64526
216.3200011206331,-399.2369447643167,169.25502,-243.80475
215.17348292514356,-398.3007098690324,132.02126,-492.10254
214.02303725401285,-397.3659686067053,186.18205,-164.44827
212.86946660979424,-396.4326566823767,90.32305,-602.9147
211.713553309602,-395.500673543626,152.91339,-297.0838
210.55605911788777,-394.5698825363083,113.1021,-548.46564
209.3977249236933,-393.6401111387391,141.57721,-385.969
208.23927045955105,-392.7111512734516,72.88708,-626.7486
207.08139405944453,-391.7827596960341,142.5139,-329.86652
205.9247724536265,-390.8546584610378,173.25761,-177.10101
204.7700605984993,-389.9265354653202,128.53905,-395.77032
203.6178915400125,-388.99804506936266,107.48493,-536.34705
202.46887630902003,-388.06880879712185,157.12057,-215.41238
201.32360384686208,-387.13841611492415,165.13188,-156.44453
200.18264095928404,-386.2064252898343,155.01192,-198.19264
199.04653229681,-385.2723643278717,163.95242,-148.28593
197.91580035979683,-384.33573199247695,149.34921,-194.91234
196.79094552649224,-383.39599890365,169.68097,-117.44228
195.67244610251012,-382.45260871787934,155.45566,-154.16774
194.56075839040489,-381.504979388187,105.05686,-427.6401
193.4563167785587,-380.5525045025543,116.56513,-342.25882
192.359533849228,-379.5945546980337,105.29719,-424.34622
191.2708005060277,-378.6304791471191,162.42593,-125.43721
190.19048612122504,-377.659607112256,146.08815,-196.23228
189.11893870297897,-376.681249563464,153.88748,-153.6814
188.0564850822879,-375.6947008528203,128.18542,-264.30106
187.0034311192272,-374.6992404382684,155.74376,-150.54631
185.9600619282577,-373.69413464831007,146.95326,-177.47798
184.9266421227953,-372.678638478943,157.83707,-142.54825
183.9034160794634,-371.651997414821,104.25759,-430.26385
182.8906082223316,-370.6134492679712,103.60863,-412.92682
181.88842332714088,-369.5622260292226,155.42935,-136.78595
180.8970468453368,-368.4975557292738,150.57928,-153.10677
179.91664524783758,-367.418664307454,69.9799,-615.30493
178.94736638876117,-366.3247774863717,153.34685,-153.07623
177.9893398895608,-365.2151226498895,98.58502,-441.86163
177.0426775439825,-364.08893072075097,168.92516,-99.709595
176.10747374389044,-362.94543803339576,154.77101,-129.3875
175.1838059254084,-361.7838881973972,143.97215,-193.65324
174.27173503422037,-360.6035339475408,143.0132,-180.01685
173.371306008517,-359.4036389776012,156.44604,-134.5179
172.48254827808222,-358.18347975607804,84.86913,-553.7316
171.60547627833543,-356.942347323218,87.765495,-544.839
170.74008997869794,-355.6795490693686,148.69167,-163.90665
169.8863754253712,-354.3944104949819,145.8832,-172.78395
169.0443052993393,-353.0862769524873,143.00435,-190.22041
168.2138394909203,-351.75451536990056,102.01536,-396.49976
167.3949256923333,-350.3985159555368,145.3095,-165.0258
166.5875000095282,-349.0176938826101,91.90956,-424.6376
165.7914875940724,-347.611490951952,104.35219,-359.56216
165.0068032953601,-346.1793772307237,137.83672,-170.10748
164.23335233284993,-344.7208526648695,135.50015,-185.87323
163.47103098735323,-343.2354486628812,140.32169,-161.75418
162.71972730954664,-341.7227296479276,127.1976,-190.71158
161.97932184305475,-340.1822945746076,129.04622,-176.69905
161.249688358978,-338.6137784059696,131.39061,-153.23949
160.53069459879154,-337.0168535464125,110.14577,-243.9208
159.8222030229507,-335.3912312266067,113.57433,-210.35497
159.1240715630493,-333.73666283721025,121.35736,-175.9544
158.43615437587732,-332.0529412084989,136.00285,-125.14558
157.7583025981797,-330.3399018328931,124.30166,-160.29361
157.0903651012157,-328.597424026832,123.52055,-170.26042
156.43218924426776,-326.8254320278365,121.09551,-166.69676
155.78362162615048,-325.0238960222635,129.23355,-144.82414
155.14450883365828,-323.19283309930165,49.73267,-612.51355
154.51469818575788,-321.3323081270166,129.87222,-137.66258
153.89403847204022,-319.4424345464669,81.28513,-390.96957
153.28238068346454,-317.5233750799414,140.40797,-106.19887
152.67957873284786,-315.5753423492633,128.96973,-138.1313
152.08549016201547,-313.59859939999603,126.625175,-153.2926
151.4999768321161,-311.5934601273485,87.999374,-345.4283
150.92290559335464,-309.56028959965295,86.50869,-337.90732
150.3541489303187,-307.49950427546975,131.22752,-131.31685
149.79358557916208,-305.41157211064336,53.240875,-565.90405
149.24110111312112,-303.2970125519586,48.074097,-612.01697
148.69658849309994,-301.15639641441885,113.46716,-194.96545
148.15994858032826,-298.9903456395594,71.52976,-427.5437
147.63109060841433,-296.7995329324885,127.34615,-101.15285
147.10993261254916,-294.58468127530466,118.10732,-118.12664
146.59640181416108,-292.34656331406745,45.26775,-520.1584
146.0904349599275,-290.0860006158041,112.65213,-81.61514
145.59197861466828,-287.8038627914976,103.42966,-95.66479
145.10098940814206,-285.50106648088433,49.1211,-421.2623
144.61743423597707,-283.1785741952441,99.01774,-100.63724
144.14129041489502,-280.8373930152556,100.71311,-102.02918
143.6725457922709,-278.4785731426222,58.79285,-340.64407
143.21119881015468,-276.10320630650807,74.53014,-212.48431
142.7572585242084,-273.7124240282922,69.49776,-234.6223
142.31074457847882,-271.3073957500128,103.60788,-85.71819
141.87168713738777,-268.88932683277307,89.856834,-104.293365
141.44012677663693,-266.4594564315929,75.30428,-174.1882
141.01611433477888,-264.01905525323394,94.471855,-104.19837
140.59971072696382,-261.56942320374543,102.31145,-99.98644
140.1909867219002,-259.11188693283697,76.55571,-191.08832
139.79002268249357,-256.64779728252324,92.47969,-105.48633
139.3969082700714,-254.17852664777917,88.59337,-106.640594
139.01174211165036,-251.70546625730012,74.09024,-129.23885
138.63463142941788,-249.2300233828971,60.14207,-230.91554
138.26569163146786,-246.75361848640424,71.271805,-110.87323
137.90504586277046,-244.27768231305257,63.54577,-157.64154
137.55282451537462,-241.8036529400229,60.262127,-148.906
137.20916469709385,-239.33297278849915,61.813587,-151.82117
136.87420965855412,-236.86708560710375,66.54168,-144.73312
136.54810817943306,-234.4074334341316,36.76375,-315.47794
136.2310139157572,-231.9554535455026,60.261005,-136.54779
135.92308471097897,-229.5125753949753,58.52925,-134.67126
135.62448187405928,-227.08021755300013,51.75818,-167.54768
135.33536942797772,-224.6597846505834,37.080692,-287.30756
135.0559133321861,-222.25266433457008,44.157845,-168.16946
134.78628068267662,-219.8602242409234,30.691278,-198.5768
134.52663889352854,-217.48380899303288,38.629143,-169.87592
134.27715486385483,-215.12473723278487,12.147285,-338.24106
134.03799413392412,-212.78429869276613,33.160202,-177.25871
133.8093200339939,-210.46375131832363,22.973898,-182.47192
133.59129282926256,-208.1643184483909,22.847689,-179.95673
133.38406886437352,-205.8871860642295,17.59713,-157.04547
133.18779971098732,-203.6335001155165,19.964056,-145.99452
133.00263132201755,-201.40436393328568,20.112501,-149.16118
132.82870319630655,-199.20083573899245,16.167057,-135.1813
132.66614755787143,-197.0239262584694,15.825958,-120.49325
132.5150885543049,-194.8745964487829,13.917846,-119.45769
132.3756414793027,-192.75375534492127,12.355573,-128.65094
132.24791202446698,-190.66225803183312,7.086531,-90.45442
132.13199556536853,-188.6009037458253,12.901391,-103.5008
132.02797648630096,-186.5704341081287,8.052465,-117.4817
131.9359275474073,-184.57153149290264,11.139859,-130.21695
131.85590929727636,-182.604817532214,5.878621,-95.02702
131.78796953402593,-180.67085176142672,-3.459541,-75.8657
131.73214281834782,-178.7701304096143,-3.192025,-80.256935
131.68845004270852,-176.9030853406443,-0.08748019,-106.451935
131.65689806147356,-175.07008315131486,-6.4932723,-69.436966
131.63747938683142,-173.2714244333015,-4.382918,-95.96378
131.63017195483377,-171.50734320560028,-7.3859158,-74.63574
131.63493896458067,-169.7780065234429,-7.8531966,-75.035706
131.6517287917289,-168.08351426833417,-2.8913257,-109.68733
131.68047497553096,-166.42389912227603,-11.540498,-69.55212
131.72109627702542,-164.79912672786224,-11.190343,-82.93376
131.7734968050812,-163.2090960350323,-11.838481,-77.520424
131.83756620669632,-161.65363983480898,-13.699348,-64.951324
131.91317991799323,-160.13252547998255,-15.364047,-71.56571
132.00019947245326,-158.645455792126,-15.958788,-60.473476
132.0984728629734,-157.1920701534238,-3.8918812,-88.18933
132.20783495433614,-155.77194578071837,-0.24905509,-131.46646
132.32810794268912,-154.38459917819125,-7.0089164,-83.00932
132.45910185859444,-153.02948776442122,2.1455934,-140.35902
132.60061510999827,-151.70601166922296,-11.415622,-60.579037
132.75243506095197,-150.4135156954872,-1.1432699,-121.93202
132.9143386410526,-149.15129144098387,-11.595226,-62.917698
133.08609297953976,-147.91857957463,0.7087563,-125.43021
133.26745605709377,-146.71457226107194,-6.761108,-292.37885
133.4581773679353,-145.53841572665286,-2.3020713,-106.44282
133.65799858501322,-144.38921295902833,-7.7745266,-249.73973
133.86665422184967,-143.26602653200925,-7.386768,-260.61258
134.0838722856816,-142.16788154680953,-0.92094785,-214.00644
134.30937491750353,-141.0937686807736,-8.535663,-326.8326
134.54287901520044,-140.04264733467633,-5.6680336,-298.9258
134.78409683609672,-139.01344886965035,-8.472252,-340.99008
135.03273657502322,-138.00507992473302,-14.643604,-336.0059
135.2885029135834,-137.01642580615348,-1.6844274,-102.75374
135.5510975358657,-136.04635393996517,-3.160493,-72.9413
135.8202196055698,-135.09371738044132,-4.7206616,-237.67876
136.0955661995003,-134.15735836755496,-7.1849523,-217.78665
136.37683269264505,-133.23611192758432,-5.6862764,-92.98543
136.66371309053693,-132.3288095112762,1.0744106,-101.7859
136.95590030521157,-131.43428266414674,-25.110155,-166.21326
137.2530863717372,-130.55136672348706,-10.826127,-70.48652
137.5549626028829,-129.6789045362928,-67.67776,-191.7396
137.86121967991846,-128.81575019135704,-71.86712,-152.37637
138.17154767786636,-127.9607727573014,-55.095444,-44.533367
138.48563602398914,-127.11286001705624,-67.771576,-43.94582
138.8031733890894,-126.2709221888686,-62.003857,-28.984829
139.12384751230132,-125.4338956243333,-44.339592,-110.93829
139.44734496125147,-124.60074647472244,-58.867195,-31.98654
139.77335083054365,-123.77047431750762,-42.519897,-37.92556
140.10154838233515,-122.94211573514026,-62.793488,-109.07727
140.431618633223,-122.11474783789856,-45.30164,-43.12935
140.7632398916958,-121.28749172210836,-61.75589,-146.83527
141.09608725009642,-120.45951585438856,-54.341763,-25.762768
141.42983203458024,-119.63003937170218,-53.472504,-30.664846
141.76414121616324,-118.79833528593696,-55.336193,-52.33413
142.09867678578988,-117.96373358080756,-52.022884,-34.711285
142.43309509652426,-117.1256241884951,-29.219515,-40.337067
142.76704617649978,-116.2834598338568,-56.267002,-60.99023
143.10017301701092,-115.43675873515978,-35.259705,-47.92665
143.4321108408621,-114.58510715173529,-48.77378,-38.110485
143.76248635664524,-113.72816177022555,-56.104813,-22.71018
144.09091700495907,-112.8656519219952,-56.490627,-25.959703
144.4170102027283,-111.99738162505052,-31.362919,-47.780594
144.7403625917869,-111.1232314448185,-42.01115,-48.07675
145.06055929781857,-110.24316016937844,-55.41606,-26.141912
145.3771732056535,-109.35720629592583,-52.75973,-31.260721
145.689764256886,-108.46548932625124,-51.51789,-35.875877
145.99787877588736,-107.5682108699648,-45.92373,-49.701607
146.3010488305369,-106.66565555514184,-56.03818,-25.489906
146.5987916342619,-105.75819174677112,-49.561283,-40.15691
146.89060899609166,-104.84627207359485,-51.03109,-41.888588
147.17598682526807,-103.93043376366262,-43.834785,-50.498642
147.454394696489,-103.01129878846491,-53.69645,-29.775408
147.72528548122744,-102.08957381510778,-56.890423,-22.94882
147.9880950499606,-101.16604996567024,-55.700226,-25.307878
148.24224204966447,-100.2416023825923,-50.98017,-34.98698
148.4871277605389,-99.31718959876618,-51.224197,-34.77399
148.72213603553615,-98.39385271116711,-60.38976,-106.40069
148.94663332582218,-97.47271435748932,-49.741978,-37.09346
149.15996879479934,-96.55497749624762,-56.550495,-24.270031
149.3614745227856,-95.64192399188452,-53.948467,-28.990685
149.55046580386738,-94.73491300724967,-56.299572,-93.65977
149.726241535765,-93.8353792062006,-24.278631,-44.465046
149.88808470277192,-92.94483076913797,-23.359516,-45.181145
150.03526295110112,-92.064847224402,-54.83613,-27.336258
150.16702925548867,-91.19707709888462,-60.72817,-137.04306
150.2826226756793,-90.3432353919234,-54.062504,-34.608017
150.38126920128877,-89.50510087738252,-55.870136,-25.937794
150.46218268333288,-88.68451323971935,-40.16621,-48.900043
150.52456585044672,-87.88337005077248,-52.23887,-35.476513
150.5676114076179,-87.10362359489774,-52.16387,-32.207916
150.5905032152061,-86.34727755073932,-50.995537,-36.080296
150.59241754599097,-85.61638353818421,-54.566296,-28.404947
150.57252441776618,-84.91303753881455,-52.586998,-31.628036
150.5299889984355,-84.23937619750437,-52.87097,-30.864437
150.4639730797125,-83.59757301194591,-42.236084,-45.090435
150.37363661454765,-82.98983441611789,-22.571669,-45.595535
150.25813931245517,-82.41839576311219,-51.82389,-32.725636
150.11664228604883,-81.88551721225764,-50.245373,-37.593674
149.94830974138264,-81.39347952514602,-52.33112,-32.99457
149.75231070424854,-80.94457977513345,-50.88251,-32.374195
149.52782077443135,-80.54112697527384,-48.485973,-36.7562
149.27402389991127,-80.18543763042288,-46.61341,-41.252518
148.99011416294246,-79.87983122028675,-46.66183,-40.106335
148.67529756974366,-79.62662562120767,-48.089237,-41.564125
148.32879383525423,-79.42813247513182,-50.31355,-34.18228
147.94983815414312,-79.28665251427697,-45.11322,-50.521755
147.53768294915855,-79.20447084961097,-53.221924,-40.335075
147.09159958810787,-79.18385223072951,-67.10855,-37.602062
146.61088006133022,-79.2270362844215,-64.242386,-30.70498
146.0948386124558,-79.33623273929219,-58.115273,-38.95659
145.5428133164184,-79.51361664429419,-61.235424,-83.57508
144.95416759986836,-79.76132358976616,-65.59832,-71.09133
144.32829170005974,-80.08144494027752,-76.32187,-54.12254
143.6646040588669,-80.47602308892878,-53.156944,-29.599295
142.9625526489489,-80.94704674281125,-47.902977,-14.809048
142.2216162294584,-81.49644624941969,-56.06782,-57.711014
141.44130552925867,-82.12608897418562,-51.45203,-8.193699
140.6211643564232,-82.83777473992379,-55.58989,-45.96605
139.7607706337633,-83.63323133967043,-22.914446,-47.396923
138.85973736113172,-84.51411013498897,-41.194035,-9.715345
137.9177135062055,-85.48198175228195,-29.276106,-32.16911
136.93438482632868,-86.53833188992363,-34.186314,-10.490714
135.90947462471894,-87.68455724894396,-40.819885,10.495724
134.84274444477623,-88.92196159938061,-8.674041,-5.882258
133.73399470624315,-90.25175199331936,-12.905402,2.483057
132.58306528645596,-91.67503513434012,3.2670038,-3.2706773
131.38983604894494,-93.1928139118975,-42.754948,-17.067135
130.1542273205312,-94.80598410831402,-37.732864,-11.233371
128.87620031731575,-96.51533128563192,-36.856678,5.9839554
127.55575751985708,-98.32152785952766,-14.204979,-42.49865
126.19294299826764,-100.22513036779112,43.15846,-43.297436
124.78784268847284,-102.22657694139824,45.88385,-40.953403
123.340584620953,-104.3261849867012,28.076252,-25.064953
121.85133910269634,-106.52414908734832,-19.796745,5.934767
120.32031885204128,-108.8205391340152,0.64020616,-4.9174376
118.74777908506594,-111.2152986889718,0.83286035,-18.78101
117.13401755155836,-113.70824359124482,55.14888,-69.916115
115.47937451840296,-116.29906080696684,-22.435793,13.230668
113.78423269829216,-118.98730752859348,39.119755,-20.377375
112.04901712189516,-121.7724105260075,-12.3268,6.3151183
110.27419495196096,-124.65366575205908,-1.2394371,1.8057034
108.46027523823358,-127.63023820475514,13.096735,-5.75817
106.60780861239114,-130.70116204801798,46.885494,-52.468174
104.71738692243396,-133.86534099259458,48.7449,-40.597374
102.78964280613522,-137.1215489382608,41.13679,-26.619072
100.82524920342271,-140.46843087788417,40.653957,-24.83597
98.8249188078219,-143.90450406312758,-10.47749,13.617719
96.78940345716686,-147.42815943051878,-3.563485,4.452471
94.7194934635191,-151.0376632852622,23.870216,-11.029072
92.6160168816692,-154.73115923866496,40.809593,-26.754324
90.4798387149766,-158.50667039372922,3.368897,0.009566359
88.31186005687833,-162.36210177274592,10.827975,-2.883868
86.11301716621706,-166.29524298078888,29.635117,-14.768791
83.88428047447158,-170.30377109962308,10.7253895,-4.170254
81.62665352289349,-174.38525380722183,-16.140762,18.191471
79.34117182746188,-178.53715271845076,-1.9724499,1.0349216
77.02890166953372,-182.75682694237796,-9.545539,8.289843
74.69093881017568,-187.0415368511101,-5.654238,-4.073205
72.32840712648377,-191.3884480541309,-9.516137,3.1199737
69.94245716880893,-195.7946355710805,-3.713555,-8.216935
67.53426463876387,-200.25708819512764,-6.3418174,4.129758
65.1050287891448,-204.77271303873425,-27.52571,-0.75952554
62.65597074826268,-209.33834025356893,-4.718638,0.17789385
60.18833177240343,-213.95072791634112,-1.985819,-2.582158
57.703371431088925,-218.6065670722728,-1.5978209,-9.168296
55.20236573045749,-223.3024869277071,-35.107666,-38.77221
52.6866051804046,-228.03506018273748,-34.845634,-16.944675
50.1573928111097,-232.8008084934945,-44.088028,-31.12921
47.61604214430073,-237.5962080519914,-46.040962,-37.91536
45.06387512424418,-242.4176952697165,-61.548134,-56.1578
42.50222001311431,-247.2616725499224,-74.89083,-78.49225
39.932409255050736,-252.12451413283927,-83.5823,-116.0233
37.35577731275517,-257.0025719975345,-101.21104,-80.976234
34.773658479895374,-261.8921818036416,-119.621284,-143.3072
32.187384672049035,-266.78966885571555,-131.99078,-159.5349
29.598283198745666,-271.6913540728348,-137.62329,-183.9221
27.00767451962747,-276.59355994652594,-124.83733,-157.57925
24.4168699888324,-281.49261647104566,-147.76204,-204.92062
21.82716959306404,-286.38486703098346,-137.6589,-169.05334
19.23985969007561,-291.2666742315784,-135.30444,-197.37509
16.65621075524583,-296.13442565722704,-146.80026,-205.58801
14.077475144469682,-300.984539543939,-137.12766,-281.42108
11.50488488170351,-305.8134703523509,-152.56062,-380.28638
8.93964947925357,-310.6177142292587,-129.58723,-201.12242
6.382953798380169,-315.3938143470471,-122.00188,-186.67625
3.835955957125562,-320.13836611142364,-131.57916,-193.02948
1.2997852916265065,-324.848022228304,-126.84383,-201.47041
-1.2244596233020424,-329.51949762078107,-132.22935,-195.53036
-3.735712888781487,-334.1495741872506,-131.61813,-195.96155
-6.232943126274734,-338.7351053921848,-116.71731,-185.60056
-8.715155246514858,-343.2730206816125,-116.51688,-185.88326
-11.181392137942106,-347.76032971588205,-120.54613,-190.99005
-13.630736269937774,-352.1941264127684,-122.33925,-193.21832
-16.062311206339952,-356.57159279466714,-120.7236,-193.10075
-18.4752830247132,-360.8900026346303,-129.98746,-262.7124
-20.86886163663109,-365.1467248972967,-117.9927,-178.00053
-23.24230200389258,-369.3392269722519,-114.34436,-183.39154
-25.5949052452537,-373.46507769884704,-119.14253,-191.01341
-27.926019628060597,-377.521950182813,-117.93808,-191.11946
-30.23504143918193,-381.5076244058822,-126.08109,-255.61273
-32.521415729841564,-385.4199896300245,-122.93455,-225.42302
-34.78463692934035,-389.2570465980055,-120.18372,-192.4983
-37.02424932324606,-393.016909532067,-125.85448,-262.65616
-39.23984739240407,-396.6978079327662,-132.80092,-307.5075
-41.4310760100679,-400.2980881803354,-133.73828,-310.03735
-43.597630495584056,-403.8162149411628,-135.05154,-344.71625
-45.73925652430424,-407.2507723820741,-140.60275,-331.98624
-47.85574989445394,-410.6004651951594,-126.09046,-199.13364
-49.94695615227706,-413.8641194359735,-143.04718,-262.6616
-52.01277007690717,-417.0406831777988,-175.0087,-365.06537
-54.05313502636932,-420.129226983986,-129.23271,-197.82672
-56.0680421461405,-423.128944199256,-187.2636,-371.3311
-58.057529441840906,-426.0391510597556,-195.89604,-421.03696
-60.02168071785528,-428.8592866210912,-202.72214,-418.25565
-61.960624384017486,-431.58891250356265,-198.86282,-463.94934
-63.87453213299453,-434.22771245409166,-201.92253,-411.97623
-65.76361749170225,-436.77549172454064,-189.22261,-444.30878
-67.6281342509334,-439.2321762662194,-230.79552,-506.84888
-69.4683747782874,-441.59781174048345,-201.22836,-478.46365
-71.28466822030506,-443.87256234549903,-219.95316,-454.49777
-73.0773786002481,-446.056709459498,-230.79913,-484.51855
-74.8469028181073,-448.1506501012207,-202.78575,-474.70135
-76.59366855922813,-450.154895208773,-214.93004,-439.66187
-78.31813211761336,-452.0700677387153,-210.06082,-467.50122
-80.02077613972463,-453.8969005877274,-210.86798,-468.54364
-81.70210729456812,-455.63623433956775,-245.54424,-520.7919
-83.36265387598257,-457.28901484021975,-225.24838,-488.22723
-85.00296334327238,-458.8562906041394,-224.57028,-502.74133
-86.62359980664137,-460.3392100544741,-247.64122,-523.92993
-88.22514146434207,-461.7390186001514,-224.84119,-494.3367
-89.80817799902422,-463.05705555292207,-209.72998,-456.16794
-91.373307941256,-464.29475088774586,-222.05795,-460.70474
-92.92113600847166,-465.4536218503408,-249.13927,-520.95654
-94.4522704277212,-466.5352694163858,-237.58475,-503.43216
-95.96732025064,-467.5413746078597,-246.4077,-508.59366
-97.46689266894823,-468.473694673108,-244.72366,-509.2858
-98.95159033841097,-469.3340591381043,-242.93483,-499.60086
-100.42200871855704,-470.12436573673017,-265.90744,-544.3237
-101.87873343473365,-470.846576227551,-247.47693,-524.55035
-103.32233766846124,-471.5027121035194,-247.39499,-519.4835
-104.75337958166446,-472.0948501996044,-243.29958,-516.4921
-106.1723997802032,-472.6251182021604,-246.82936,-512.18365
-107.57991882215536,-473.09569006343935,-249.61267,-491.8076
-108.97643477640156,-473.508781325124,-246.80382,-496.72705
-110.3624208370958,-473.8666443557889,-246.62195,-522.49744
-111.7383229995405,-474.1715635082767,-247.93457,-525.1025
-113.10455780293697,-474.4258502037406,-246.03488,-505.9118
-114.46151014561993,-474.6318379495877,-251.32263,-483.71304
-115.80953117874674,-474.7918772990636,-244.85837,-499.24582
-117.14893628488149,-474.9083307609523,-249.50108,-495.67273
-118.48000314825742,-474.983567668788,-202.36261,-268.27548
-119.8029699235127,-475.0199590198392,-252.81396,-479.18558
-121.11803350931108,-475.01987229475134,-248.48074,-515.13715
-122.42534793263168,-474.9856662691725,-251.70222,-484.46048
-123.72502284886444,-474.9196858291889,-249.8926,-481.8158
-125.0171221623216,-474.82425680311655,-250.1322,-493.44547
-126.30166277136456,-474.7016808231045,-254.32735,-466.2751
-127.57861344199613,-474.55423023090447,-206.50916,-304.61032
-128.8478938134096,-474.3841430428228,-252.73798,-503.89066
-130.10937353850954,-474.19361798919385,-225.968,-336.66266
-131.3628715617822,-473.9848096437343,-259.1332,-434.3675
-132.60815553619517,-473.7598236579744,-258.00198,-430.97574
-133.84494138024203,-473.5207121155552,-256.10245,-472.97043
-135.07289297591225,-473.2694690203055,-221.10017,-289.0749
-136.2916220081776,-473.0080259305743,-253.7751,-437.77704
-137.50068794635018,-472.7382477505985,-252.36203,-472.0928
-138.6995981672109,-472.461928688238,-258.83008,-463.08212
-139.88780821909646,-472.18078838758896,-253.02274,-461.50055
-141.06472222533463,-471.89646824480826,-261.80972,-374.4257
-142.22969342479547,-471.6105279157321,-254.6674,-449.30554
-143.38202484708566,-471.3244420242021,-252.7857,-469.16278
-144.52097012002358,-471.0395970800766,-255.21652,-459.69763
-145.6457344072733,-470.757288615575,-254.93303,-456.06476
-146.7554754741569,-470.4787185479437,-250.24991,-336.72208
-147.84930487975674,-470.2049927756392,-253.98505,-463.83487
-148.92628929376713,-469.9371190143669,-263.0568,-380.14633
-149.98545193736035,-469.6760048783468,-257.47485,-435.27087
-151.02577414841065,-469.42245621105656,-260.1961,-409.5106
-152.04619707232308,-469.177175668458,-251.23004,-400.4524
-153.0456234801137,-468.94076155641744,-255.39674,-436.39243
-154.02291971528305,-468.7137069228325,-255.75824,-426.43646
-154.9769177706094,-468.4963989040438,-254.13791,-447.02216
-155.9064174953348,-468.2891183244807,-261.45776,-407.03076
-156.81018893222603,-468.09203954807816,-260.25464,-408.6574
-157.6869747825674,-467.90523057973473,-272.77457,-363.69647
-158.5354929953269,-467.7286534149524,-256.92517,-401.17755
-159.35443947465623,-467.5621646358155,-262.3055,-409.44644
-160.14249089774395,-467.4055162514052,-259.31607,-422.0264
-160.8983076331652,-467.2583567801982,-260.09967,-352.3248
-161.62053674860653,-467.120232570655,-273.40414,-354.81772
-162.30781509631973,-466.99058935427297,-249.41524,-382.4803
-162.95877246470087,-466.8687740235827,-275.16672,-354.76596
-163.57203478474048,-466.7540366264525,-257.2539,-414.86884
-164.1462273805908,-466.64553256767806,-255.26515,-400.08038
-164.67997825403413,-466.5423250088213,-245.41342,-357.89798
-165.17192139304464,-466.44338745733967,-263.58997,-384.235
-165.6207000947391,-466.3476065361331,-254.73018,-392.91278
-166.02497029278993,-466.2537849247754,-261.254,-362.97372
-166.38340387898978,-466.160644463952,-263.98102,-372.30096
-166.69469200840965,-466.0668294149664,-261.71115,-364.16785
-166.957548377802,-465.9709098664151,-253.50014,-391.16357
-167.1707124676792,-465.8713852800667,-269.83536,-360.21954
-167.33295273960726,-465.7666881676493,-252.62434,-380.45798
-167.44306978130584,-465.6551878898173,-263.16913,-357.40512
-167.49989939289844,-465.5351945681834,-269.67148,-358.6067
-167.5023156081084,-465.404963100945,-248.62317,-347.66428
-167.4492336444549,-465.2626972723815,-284.70258,-333.87778
-167.33961277667953,-465.106553946498,-263.7667,-341.20386
-167.17245912782505,-464.93464733541583,-271.02057,-341.76575
-166.94682837261712,-464.7450533337233,-263.49142,-346.36243
-166.66182834800745,-464.5358139107148,-258.32593,-362.23813
-166.3166215658699,-464.3049415529883,-267.4869,-353.9974
-165.9104276229963,-464.0504237500359,-247.95764,-340.1506
-165.44252550382708,-463.7702275152626,-261.5214,-321.53433
-164.912255771669,-463.4623039346547,-287.3436,-316.1353
-164.3190226441917,-463.12459273549337,-269.44498,-339.70758
-163.662295948563,-462.7550268681926,-270.56848,-351.9528
-162.9416129508443,-462.3515370952701,-301.59308,-308.34854
-162.15658005361746,-461.912056582229,-276.89813,-333.5656
-161.3068743555953,-461.4345254854436,-286.24414,-349.5489
-160.39224506728075,-460.9168955319517,-286.5618,-330.80542
-159.41251477746133,-460.3571345855447,-256.20386,-355.50772
-158.36758056617637,-459.75323119292153,-268.1757,-334.6046
-157.25741496048417,-459.1031991030857,-291.32394,-316.58954
-156.08206672973503,-458.4050817527096,-300.59885,-270.27878
-154.84166151720112,-457.6569567098917,-253.27654,-327.7783
-153.53640230507912,-456.85694006853686,-258.3304,-365.83612
-152.16656971029772,-456.003190785462,-281.39868,-315.2709
-150.7325221092069,-455.09391495231904,-295.35083,-305.52518
-149.23469558987185,-454.1273699946257,-257.53082,-321.08
-147.67360373120172,-453.1018687906104,-264.45773,-318.55237
-146.04983720862427,-452.01578370312967,-285.87436,-362.43393
-144.36406322663242,-450.8675505184903,-271.5774,-317.9676
-142.61702477932292,-449.6556722864526,-266.8659,-332.39795
-140.80953974102607,-448.378723055824,-259.51935,-337.14166
-138.94249979038534,-447.03535149971935,-265.07532,-312.03943
-137.0168691728451,-445.6242844239238,-288.15585,-316.7603
-135.03368330829235,-444.1443301511674,-284.83832,-313.65668
-132.9940472522083,-442.5943817738536,-289.96564,-305.3671
-130.89913401974047,-440.97342026803096,-268.9248,-309.24866
-128.75018278238971,-439.2805174621556,-298.1915,-263.6182
-126.54849694651298,-437.5148388553736,-268.25583,-321.34253
-124.29544212177709,-435.6756462815017,-286.27795,-310.92108
-121.99244398642172,-433.7623004164304,-256.10892,-300.6567
-119.64098605507284,-431.77426312814913,-274.451,-314.88602
-117.24260735407418,-429.71109966987154,-274.7765,-294.30637
-114.79890000886554,-427.57248071764656,-258.91217,-323.9788
-112.31150674781284,-425.35818425407183,-264.89032,-312.0772
-109.78211832718216,-423.0680972989616,-289.77112,-284.74564
-107.21247088270422,-420.7022174861135,-265.22763,-322.98672
-104.60434321424376,-418.2606544832268,-276.17612,-306.33572
-101.9595540111709,-415.7436312503176,-245.89914,-317.95273
-99.27995902691902,-413.1514851310484,-264.62506,-326.75174
-96.56744821179188,-410.48466877110064,-278.04263,-329.9704
-93.82394281320524,-407.7437508576326,-264.50024,-380.9665
-91.05139245205376,-404.92941667369416,-242.45865,-267.3167
-88.25177218280345,-402.0424684611716,-261.68268,-350.74216
-85.42707954347902,-399.0838255856712,-228.20587,-191.44572
-82.57933160026705,-396.0545244970493,-257.9095,-387.7857
-79.71056199023187,-392.9557184802145,-250.68544,-507.32742
-76.82281796479135,-389.78867719220375,-251.51965,-511.92508
-73.9181574362219,-386.5547859830973,-249.5577,-493.5404
-70.99864602957183,-383.2555449998716,-249.23254,-521.7429
-68.06635414287102,-379.8925680735857,-271.93918,-537.373
-65.1233540192713,-376.46758139120107,-219.8604,-449.7193
-62.1717168355446,-372.9824219538498,-217.36247,-465.29974
-59.21350981201914,-369.43903582365726,-130.51387,-163.69034
-56.25079334942439,-365.83947616143246,-177.04198,-291.362
-53.28561819822275,-362.1859010577664,-156.14198,-234.41312
-50.320022665898456,-358.48057116038194,-113.073975,-193.32437
-47.3560298674612,-354.7258471009678,-108.09929,-191.0265
-44.39564502423465,-350.9241867250829,-91.83916,-164.92892
-41.44085281597632,-347.07814212890446,-112.64717,-200.90013
-38.493614791553945,-343.19035650673,-84.78349,-151.09868
-35.55586684360829,-339.263560813497,-120.90704,-205.21321
-32.62951675256112,-335.3005702472792,-115.62176,-187.72194
-29.716441804860143,-331.3042805574632,-92.13253,-141.08931
-26.818486489667038,-327.2776641847925,-103.85147,-154.63638
-23.93746027754152,-323.2237662398107,-94.41621,-159.04832
-21.07513548413908,-319.1457003269469,-105.32277,-148.14145
-18.2332452215052,-315.0466442228051,-92.08097,-132.26459
-15.413481439196987,-310.9298354188687,-98.40855,-121.41196
-12.61749305709382,-306.79856654042254,-110.99254,-143.3844
-9.846884191147248,-302.6561806548148,-117.948044,-170.98099
-7.1032124723066845,-298.5060664831217,-107.59416,-143.907
-4.387987457575807,-294.351653529689,-102.466644,-131.7191
-1.702669130987276,-290.1964071439183,-111.93808,-150.7549
0.9513335084128924,-286.04382352825075,-110.80928,-135.27945
3.5726637746078853,-281.8974247057945,-104.25861,-127.404144
6.160018541452514,-277.76075346053,-126.4795,-193.16002
8.71214941070646,-273.63736826253114,-104.26426,-131.81204
11.227863803305777,-269.53083819016723,-111.328445,-135.23001
13.706025975593938,-265.444737860788,-117.37685,-154.84117
16.145557961807725,-261.38264238102494,-92.65411,-111.407425
18.54544044348588,-257.348122327698,-106.824905,-132.7436
20.904713545680192,-253.34473877045565,-107.51746,-126.701385
23.22247755911598,-249.376038347548,-98.18024,-118.19291
25.49789358697413,-245.44554840623636,-90.16239,-81.374756
27.7301841147563,-241.55677221902,-90.3603,-95.40358
29.91863350165965,-237.7131842860073,-91.2095,-77.47673
32.06258839203273,-233.91822573251807,-88.49312,-85.508766
34.16145804590225,-230.1752998096731,-106.88275,-96.47281
36.21471458832156,-226.48776750463423,-89.51828,-134.66093
38.22189317838908,-222.8589432664703,-105.471054,-121.10717
40.18259210009451,-219.29209085328367,-80.44023,-116.17732
42.09647277842651,-215.79041930604015,-96.56629,-138.4207
43.96325972517593,-212.35707905429263,-96.74894,-132.03487
45.78274041947603,-208.99515815855543,-82.953865,-142.15964
47.554765128295415,-205.70767869339988,-84.7688,-117.44017
49.27924667177209,-202.4975932744551,-83.61657,-140.63033
50.9561601374373,-199.36778173162548,-79.051865,-151.6707
52.58554254623276,-196.32104793020855,-90.91517,-115.69932
54.16749247213598,-193.36011674129284,-72.67505,-122.933
55.70216961640935,-190.48763116270837,-79.21634,-136.4826
57.18979433692088,-187.70614959172693,-80.845085,-117.605064
58.63064713245079,-185.01814325059252,-93.280045,-104.56967
60.02506808127446,-182.42599376579568,-96.84881,-116.79197
61.37345623259189,-179.93199090169094,-82.986336,-116.54549
62.67626894862747,-177.53833044846843,-92.87902,-95.18859
63.934021194610224,-175.24711226368277,-95.10267,-108.79216
65.14728477357097,-173.0603384657362,-94.06885,-111.27151
66.31668750306956,-170.97991177705836,-67.12581,-137.21748
67.4429123314996,-169.00763401419823,-102.98839,-96.45688
68.52669639227967,-167.14520472155806,-63.7309,-120.926765
69.5688299948091,-165.3942199450182,-71.358025,-87.786896
70.57015555143785,-163.75617114121687,-82.19881,-127.030014
71.53156643989915,-162.23244421775416,-92.518135,-87.56207
72.45400580076758,-160.82431869916243,-85.609085,-102.20138
73.33846526963355,-159.5329670132996,-86.57163,-105.81055
74.18598364394433,-158.35945389298712,-97.44679,-105.89788
74.99764548493884,-157.30473588814488,-64.79612,-129.36403
75.77457965571307,-156.36966098421473,-75.017494,-122.03227
76.51795779695796,-155.55496832330488,-93.36063,-107.91304
77.228992742171,-154.86128802533025,-84.274055,-93.20584
77.90893687424035,-154.28914110738776,-93.485,-113.55808
78.55908042537185,-153.83893950043276,-82.117714,-108.351395
79.18074972234626,-153.5109861628642,-63.687836,-103.936554
79.77530537897088,-153.3054752910158,-66.083496,-111.01657
80.34414043738946,-153.22249262709005,-70.14857,-102.72621
80.88867845978938,-153.26201586592103,-87.316154,-118.37373
81.41037157202783,-153.4239151629482,-82.702995,-112.388596
81.91069846074774,-153.70795374654818,-88.98317,-87.627556
82.39116232573642,-154.11378863809873,-80.00896,-98.13188
82.8532887897024,-154.64097148279444,-90.19097,-70.437996
83.2986237682489,-155.2889494935001,-90.630875,-120.02731
83.7287313033966,-156.0570665090575,-83.552605,-78.59442
84.14519136438467,-156.94456416761648,-90.21478,-70.081245
84.54959761960906,-157.9505831947638,-74.033455,-101.07082
84.9435551834546,-159.0741648053918,-61.85376,-92.09002
85.32867834147105,-160.3142522172702,-82.83309,-79.46413
85.70658825693259,-161.66969227315315,-88.878265,-66.46833
86.07891066148709,-163.13923716709618,-61.848488,-84.83527
86.44727353250417,-164.72154626968626,-70.92523,-94.04018
86.81330475994793,-166.41518804632656,-76.74278,-63.66977
87.17862980612757,-168.21864206272153,-90.37771,-69.57185
87.54486936238283,-170.13030107228235,-68.30909,-68.72418
87.91363700733523,-172.1484731811158,-85.4156,-70.57645
88.2865368715319,-174.27138408722575,-88.865,-60.946835
88.66516131316313,-176.49717939122354,-56.012535,-83.72524
89.05108860929619,-178.82392697604294,-63.098503,-86.503525
89.44588066692504,-181.2496194529407,-84.83351,-59.37069
89.85108075812562,-183.7721766706996,-86.88842,-54.016197
90.26821128368732,-186.3894482847477,-94.47397,-59.624054
90.6987715696491,-189.09921638298496,-43.978653,-95.17834
91.14423570099244,-191.89919816532503,-39.424675,-97.64621
91.60605039613743,-194.78704867402888,-91.466446,-66.20923
92.08563292490084,-197.7603635716948,-43.67124,-96.07495
92.58436907154336,-200.81668196340536,-81.98303,-51.676086
93.10361114383367,-203.9534892593523,-73.40531,-69.41457
93.64467602878103,-207.16822007445012,-45.29996,-66.46628
94.20884329565212,-210.4582611618444,-31.495598,-86.56509
94.79735334692973,-213.82095437741265,-77.908615,-48.81977
95.41140561793738,-217.253599672099,-59.019287,-76.04024
96.05215682591604,-220.75345810825905,-74.62651,-46.343925
96.72071926934004,-224.31775489532333,-45.073376,-66.81204
97.41815917825174,-227.9436824391668,-45.390774,-38.62458
98.14549511650776,-231.6284033987136,-43.57385,-37.11959
98.90369643713512,-235.36905374265,-52.517754,-41.99928
99.6936817924401,-239.16274579873843,25.708048,-64.61612
100.51631770098388,-243.00657128811864,-30.635872,-42.70156
101.3724171739074,-246.89760433702395,48.221798,-116.34094
102.26273840323836,-250.83290445846865,59.04564,-113.74952
103.18798351471357,-254.80951949671248,86.93762,-150.41692
104.1487973874132,-258.82448852775,62.940804,-113.21623
105.14576654230964,-262.8748447096806,56.3725,-114.86481
106.17941810173006,-266.95761807741223,56.62428,-119.73846
107.25021882160286,-271.06983827656825,37.141228,-66.87064
108.35857419804655,-275.2085372317126,69.765724,-129.69325
109.50482764937644,-279.3707517442599,58.30778,-145.05638
110.68925977414052,-283.5535260158052,62.307713,-114.98099
111.91208768558153,-287.7539140930439,53.309532,-125.8679
113.17346442303617,-291.96898223082763,71.23372,-135.26562
114.47347844114456,-296.195811170129,55.69169,-115.636375
115.81215317824412,-300.4314983277309,63.957123,-118.70936
117.1894467059052,-304.6731598944485,61.387585,-131.42505
118.60525146215946,-308.91793283886585,60.521465,-122.858826
120.05939407145148,-313.1629768140858,61.97753,-128.81921
121.551635254573,-317.40547596583014,70.037315,-147.28671
123.081669831748,-321.64264064124853,66.3233,-134.6729
124.6491268216648,-325.87170899879595,66.32554,-134.77591
126.25356963872092,-330.0899485202959,78.58904,-140.15172
127.8944963901842,-334.2946574267488,72.79876,-140.3472
129.57134027447393,-338.4831659997042,68.85769,-143.90591
131.28347008138454,-342.6528378102907,73.1698,-153.66765
133.03019079485856,-346.8010708584148,70.326164,-150.74524
134.81074429886573,-350.925298625205,63.77331,-146.85994
136.62431018704075,-355.0229910423615,76.56407,-165.08476
138.47000667688505,-359.09165538251045,68.72048,-152.99089
140.34689162935285,-363.12883707486407,74.17206,-160.27925
142.25396367429613,-367.1321204504572,74.01765,-162.42471
144.19016344141343,-371.0991294208969,73.57572,-166.69646
146.15437489503182,-375.0275280938136,76.76199,-158.85767
148.14542676939925,-378.915021327186,83.70868,-173.49655
150.1620940995126,-382.7593552238418,130.59341,-155.87497
152.20309984125817,-386.5583175669328,67.33696,-172.39804
154.26711657398144,-390.3097381969058,72.402695,-182.3867
156.35276827841776,-394.0114893302169,80.1208,-188.13242
158.4586321829788,-397.6614858198333,81.26692,-194.59839
160.5832406715415,-401.25768535767634,83.14089,-190.69058
162.72508324606258,-404.7980886196992,87.39004,-199.12614
164.88260853754966,-408.28073935517534,104.85691,-193.53319
167.05422635926308,-411.7037244228176,76.23112,-191.22484
169.23830979669242,-415.0651737774249,80.38935,-200.05138
171.43319732991068,-418.3632604117846,95.07096,-197.69986
173.63719498513677,-421.59620025940336,96.287125,-194.16884
175.84857851332018,-424.7622520640926,127.50477,-197.05661
178.06559559403672,-427.8597172224995,124.45905,-196.92159
180.28646806300227,-430.8869396056161,94.9516,-206.48392
182.50939416135844,-433.8423053653576,97.18095,-206.50974
184.73255080485785,-436.7242427324624,123.33999,-202.70236
186.95409587132275,-439.5312218119985,137.23346,-198.3081
189.1721705052283,-442.2617543826005,128.83449,-203.22661
191.38490143874864,-444.9143937053677,134.7729,-197.19603
193.59040332886525,-447.48773434837926,128.94661,-199.54234
195.78678111009276,-449.9804120330093,104.08682,-194.87178
197.97213236217357,-452.3911035084707,131.03476,-202.9346
200.1445496919867,-454.7185264611532,128.50601,-206.83264
202.3021231291394,-456.9614394654985,142.53276,-202.78094
204.44294253525808,-459.1186419834657,141.15137,-202.13274
206.5651000275216,-461.18897441990737,159.22757,-204.193
208.66669241699577,-463.171318241058,159.91063,-209.40335
210.74582366163617,-465.06459616261895,129.82951,-200.8892
212.8006073327012,-466.8677724127325,148.33646,-204.6407
214.82916909224164,-468.5798530737711,155.61949,-205.24266
216.829649178638,-470.1998865056012,134.20074,-210.65329
218.80020489681297,-471.726963851866,123.54665,-197.52133
220.73901310948813,-473.1602196297849,146.32283,-205.95183
222.644272725507,-474.4988324030278,136.46167,-206.5975
224.51420718093905,-475.7420255365859,144.722,-201.16768
226.34706690867685,-476.8890680322824,142.36508,-210.18506
228.14113179263413,-477.93927544343904,133.4778,-208.30165
229.894713603239,-478.8920108670173,161.46144,-214.55869
231.6061584113405,-479.7466860112066,156.0145,-199.5339
233.27384897766825,-480.5027623360079,196.03545,-204.33742
234.89620711465,-481.159752263928,209.92976,-189.36092
236.4716960169833,-481.7172204574954,218.28004,-204.00058
237.99882255715707,-482.1747851599524,206.37666,-208.6208
239.47613954210212,-482.53211959511,182.67003,-209.94823
240.9022479270309,-482.78895342184353,196.4266,-206.66093
242.27579898202865,-482.9450742379588,196.69698,-209.38875
243.59549640612715,-483.00032912716847,169.46019,-199.30118
244.860098382706,-482.9546262417815,169.28,-199.66602
246.0684195694245,-482.80793641254206,204.76805,-205.23337
247.2193330156192,-482.5602947758939,189.99258,-205.62924
248.31177200017436,-482.2118024077704,177.75134,-203.62904
249.34473178325084,-481.76262795187785,188.33455,-209.03423
250.31727126592105,-481.21300922953367,215.21393,-208.58894
251.22851455267747,-480.5632548177152,215.56122,-206.73341
252.07765241278665,-479.81374558215305,188.02727,-193.61183
252.86394363733464,-478.9649361529192,218.9704,-208.33298
253.5867162894385,-478.01735633076754,213.66269,-210.80139
254.2453688454949,-476.9716124132424,230.39334,-209.05632
254.8393712255884,-475.8283884301879,213.64064,-205.33417
255.3682657113546,-474.5884472788299,220.78476,-210.00455
255.831667749777,-473.25263174924345,216.62915,-208.53679
256.2292666416175,-471.8218654317951,230.01576,-212.12979
256.56082611336944,-470.2971534989672,243.54901,-214.04259
256.8261847716234,-468.67958335478426,244.1191,-212.28206
257.02525643854045,-466.970325145908,239.08052,-213.93196
257.15803036691017,-465.17063212925615,219.64465,-204.67607
257.22457133330624,-463.2818408915366,217.82661,-195.67607
257.22501960827816,-461.3053714163741,231.4003,-210.39365
257.159590803219,-459.242726994915,235.79533,-213.20276
257.0285755942393,-457.0954939759223,227.65033,-201.38242
256.8323393237687,-454.86534135112726,242.92354,-211.84082
256.57132148058497,-452.5540201709183,215.99094,-187.09119
256.2460350586428,-450.16336278467696,223.53679,-193.44296
255.85706579467143,-447.6952818997232,227.56458,-202.64249
255.4050712843253,-445.151769453083,252.16705,-212.0284
254.89077997685212,-442.5348952911843,219.57462,-190.93079
254.31499004871597,-439.8468056540957,230.7515,-203.03389
253.67856815707324,-437.0897214628601,261.31592,-209.65768
252.98244807420505,-434.2659364104831,236.11198,-200.58165
252.22762920396409,-431.37781485908977,232.33485,-209.16797
251.41517498128763,-428.42778954790487,237.32799,-206.95226
250.5462111561291,-425.4183591192185,250.85863,-212.94463
249.6219239638216,-422.3520854721312,233.0316,-207.13199
248.64355818469676,-419.2315909561233,242.52066,-212.33601
247.61241509660653,-416.05955541806935,232.37927,-203.87119
246.52985032491716,-412.8387131173019,224.71806,-204.85423
245.39727159568292,-409.5718495239688,225.92331,-211.1211
244.2161363989384,-406.2617980163097,192.19003,-193.0194
242.98794957004665,-402.9114364924902,207.12852,-198.06143
241.7142607975868,-399.5236839121695,211.39995,-203.36674
240.3966620663001,-396.1014967821584,203.49191,-198.26428
239.03678504319123,-392.6478655995267,200.87294,-206.10875
237.63629841403363,-389.1658112643567,163.447,-186.85725
236.19690517647263,-385.6583814729454,189.55545,-201.24524
234.72033989503623,-382.1286471006796,173.97316,-208.07219
233.2083659229501,-378.5796985822519,175.53745,-203.38329
231.662772595684,-375.0146422955756,181.56544,-207.13881
230.08537240139125,-371.4365969547956,167.18845,-203.11989
228.4779981336616,-367.8486900171934,156.96962,-205.13867
226.84250003224517,-364.2540541083629,172.33337,-202.68439
225.1807429176173,-360.6558234695164,164.52846,-202.99472
223.49460332534147,-357.0571304299178,163.31145,-201.72144
221.78596664596373,-353.4611019062869,152.87962,-204.45734
220.0567242755711,-349.8708559298996,153.41333,-202.75499
218.30877078133275,-346.2894982014202,133.23848,-207.57367
216.54400108563925,-342.72011867341297,127.890076,-210.14626
214.7643076720212,-339.16578816084274,123.26324,-207.07074
212.9715778157789,-335.62955498037104,129.19823,-200.73904
211.16769084201508,-332.11444161958576,139.89653,-198.52382
209.35451541347263,-328.6234414372273,144.53403,-199.54234
207.5339068503436,-325.1595153948448,132.08192,-199.30298
205.70770448420208,-321.7255888193096,141.31403,-198.64235
203.87772904861808,-318.3245481947742,106.90228,-206.78798
202.0457801099119,-314.95923798257905,112.22756,-200.36967
200.2136335427144,-311.6324574683731,105.64372,-198.40202
198.3830390560744,-308.3469576368449,89.73955,-209.60301
196.55571777643664,-305.10543807535385,97.0212,-195.82634
194.73335989390372,-301.9105439081327,89.23738,-206.37299
192.9176223780208,-298.7648627627493,83.07426,-212.99472
191.1101267689736,-295.6709217704848,82.06779,-209.63173
189.312457049498,-292.63118460245687,101.130325,-193.44815
187.5261576019595,-289.648048543844,87.634575,-190.19331
185.7527312542748,-286.7238416094555,74.364655,-188.9091
183.99363741791709,-283.8608197050038,79.51289,-187.16614
182.25029032116385,-281.06116383952786,76.59443,-189.80374
180.5240573406728,-278.3269773953315,63.144108,-179.31003
178.8162574341816,-275.6602834624704,63.826733,-178.47408
177.12815967664434,-273.0630222451839,65.36424,-176.26427
175.46098190159893,-270.537048547686,74.24583,-177.72176
173.81588944905477,-268.0841293465068,62.236656,-169.09178
172.19399402070937,-265.70594145624773,68.80783,-171.34795
170.59635264287255,-263.40406929520844,63.254684,-167.83649
169.02396673720563,-261.180002756803,63.793446,-165.05832
167.47778129933613,-259.0351351920367,71.75666,-167.36772
165.9586841855068,-256.97076150773046,64.10487,-160.47673
164.46750550749982,-254.9880763848234,67.17552,-159.59224
163.00501713606218,-253.088172620981,70.94402,-159.60504
161.57193231307818,-251.2720396017688,64.11313,-151.24582
160.16890537297735,-249.5405619047175,63.449203,-150.93228
158.79653157437227,-247.89451804076955,72.61053,-157.66797
157.45534704346358,-246.33457933799943,66.78488,-152.57874
156.14582883101104,-244.8613089731053,66.05869,-150.60335
154.868395084484,-243.47516115669956,66.755806,-151.85854
153.62340533638044,-242.1764804785209,70.55797,-155.04794
152.41116090866333,-240.9655014182076,74.39816,-158.82954
151.2319054318297,-239.84234802640157,62.421482,-138.238
150.08582547549472,-238.8070337801074,63.666996,-134.25017
148.9730512859,-237.85946161569743,66.76124,-130.01953
147.89365762470635,-236.99942414268395,64.65584,-139.09685
146.84766470277893,-236.22660404118065,64.525764,-141.73299
145.8350392022074,-235.54057464574456,63.33383,-139.72084
144.85569537937857,-234.9408007180734,69.07969,-142.46611
143.90949624151563,-234.4266394107615,65.129456,-141.5731
142.9962547887578,-233.99734142375232,62.686363,-135.27142
142.11573531368944,-233.6520523541155,65.48781,-128.6717
141.26765475043888,-233.38981423851985,71.45039,-129.04312
140.45168406613098,-233.2095672866683,69.07213,-123.52453
139.6674496883478,-233.11015180319376,69.21599,-124.921
138.91453496296563,-233.09031029490487,69.69653,-125.692505
138.19248163717836,-233.14868975962645,66.50898,-131.18678
137.5007913628734,-233.28384415231204,70.96261,-119.279045
136.83892721599912,-233.49423702397397,71.786545,-126.124886
136.20631522818118,-233.77824432944803,67.58549,-125.542465
135.60234592751132,-234.13415740084852,70.10145,-120.47701
135.02637588604156,-234.56018608425137,69.18153,-121.9616
134.47772927194984,-235.05446203720845,72.24349,-124.80735
133.9556994044683,-235.6150421839834,69.39235,-128.51949
133.45955030946084,-236.23991232412007,66.10631,-105.12287
132.98851827318688,-236.92699088857376,66.93679,-117.49268
132.54181339157392,-237.67413283658163,70.81225,-121.43778
132.11862111243116,-238.47913368584096,63.23961,-82.96768
131.71810376847148,-239.33973366814809,66.26402,-105.052444
131.33940209962256,-240.2536220020972,66.552925,-101.289185
130.98163676372607,-241.2184412736821,61.557816,-90.68002
130.64390983525138,-242.2317919148215,59.167774,-84.11839
130.32530629205425,-243.2912367690512,59.82057,-100.655464
130.02489549046746,-244.3943057328972,57.540466,-95.60673
129.7417326291186,-245.53850046086112,55.87774,-85.39947
129.47486020189186,-246.72129912167563,53.99759,-95.139465
129.2233094404867,-247.94016119364,49.655067,-81.73368
128.98610174708,-249.192532287324,45.164417,-76.356674
128.76225011753957,-250.47584898444865,42.677197,-61.992107
128.55076055538825,-251.78754368203548,39.781338,-67.31455
128.35063347646124,-253.1250494308753,37.257233,-58.431396
128.16086510417182,-254.48580475710708,36.928596,-57.19625
127.98044885548164,-255.8672584553903,30.91717,-67.31358
127.8083767177808,-257.266874341954,28.612137,-60.024807
127.6436406166943,-258.6821359558485,27.228294,-60.489594
127.48523377439555,-260.11055119707527,27.379776,-64.30349
127.33215205758997,-261.54965689080365,19.358076,-60.164524
127.18339531415216,-262.99702326722166,23.401257,-58.7966
127.03796869745098,-264.4502583464706,13.676828,-65.54038
126.89488397746082,-265.907012217842,12.905306,-62.756554
126.75316083764946,-267.364981202573,-13.827766,-132.34485
126.61182815630968,-268.82191189037235,-15.355152,-120.162865
126.46992527051472,-270.275605040817,-12.780499,-149.51613
126.3265032202578,-271.7239193414412,-5.6628137,-99.34735
126.18062596965076,-273.16477501464533,-22.964167,-153.36967
126.03137160148508,-274.59615726583,-17.202332,-163.74973
125.87783348121064,-276.01611956564267,-24.396156,-155.24197
125.7191213865403,-277.4227867598541,-30.27549,-174.90715
125.55436259936042,-278.8143580010077,-35.66768,-196.05412
125.3827029572758,-280.18910949655725,-37.27501,-198.35422
125.20330786286446,-281.54539706872094,-28.127052,-198.2387
125.01536324947318,-282.8816585216689,-39.545715,-205.5757
124.818076502975,-284.1964158118745,-32.220276,-223.76503
124.61067733914906,-285.48827701747666,-38.148132,-217.51144
124.39241863622944,-286.7559381023585,-51.06257,-231.79146
124.16257722193131,-287.9981844703985,-53.795094,-242.0595
123.92045461416866,-289.2138923051102,-55.196857,-242.73076
123.66537771481056,-290.4020296898017,-61.807926,-252.55495
123.39669945608524,-291.5616575035591,-65.745804,-255.345
123.11379939949848,-292.6919300888835,-77.035385,-267.4397
122.81608428733638,-293.79209568770506,-74.018295,-267.95676
122.50298854696784,-294.8614966437179,-72.16047,-263.16193
122.1739747482878,-295.8995693703426,-57.206142,-228.82312
121.82853401481626,-296.90584408499524,-77.652176,-271.7729
121.46618638921323,-297.8799443117733,-80.08584,-269.15564
121.08648115418566,-298.82158615634773,-70.73484,-262.16586
120.688997109771,-299.73057735879644,-71.23925,-266.72897
120.27334280768746,-300.60681613205406,-72.591286,-265.78455
119.83915674295244,-301.4502897952526,-75.20296,-268.02744
119.38610750255252,-302.26107321233144,-58.62695,-230.82072
118.91389387079415,-303.03932704692835,-53.826946,-227.46057
118.42224489103856,-303.78529584482567,-71.09222,-262.25095
117.91091988366202,-304.4993059553,-76.42376,-268.3799
117.3797084202096,-305.181763302773,-77.002335,-270.99915
116.82843025392974,-305.833151020198,-69.61439,-260.55246
116.25693520731691,-306.4540269555233,-73.59613,-264.82974
115.66510301794472,-307.0450210622936,-69.513985,-261.32776
115.05284314456124,-307.6068326850829,-70.09227,-260.409
114.4200945359269,-308.14022775016105,-70.232834,-260.5211
113.7668253650913,-308.64603587160065,-74.51985,-264.88602
113.09303273177731,-309.1251473828276,-71.748634,-264.27267
112.39874233539813,-309.5785103033123,-54.10759,-226.05154
111.6840081210848,-310.0071272497676,-73.017105,-263.51953
110.94891190096897,-310.4120523009506,-77.478455,-262.22977
110.193562952768,-310.79438782500074,-55.2755,-224.13771
109.41809759735658,-311.15528127817305,-80.11056,-268.0541
108.62267875645756,-311.4959219837986,-55.214752,-220.0722
107.8074954909505,-311.8175379001763,-72.86591,-260.3807
106.97276251972924,-312.1213923856881,-69.54784,-259.58377
106.11871971864294,-312.40878096867203,-55.202637,-217.74405
105.24563159891008,-312.6810281287036,-68.02591,-252.93704
104.35378676455414,-312.93948409523216,-69.213585,-255.895
103.44349734883484,-313.185521669175,-72.511955,-260.61148
102.51509843020082,-313.42053307307924,-70.2581,-259.79706
101.56894742882808,-313.645926835694,-67.4166,-253.73788
100.60542348524302,-313.8631247169859,-66.743484,-254.84189
99.62492682282976,-314.0735586795024,-65.20313,-251.92268
98.62787809622148,-314.2786679114915,-67.30443,-261.2035
97.61471772770383,-314.4798959065629,-64.481224,-250.74577
96.58590523378278,-314.6786876041129,-66.26081,-257.50906
95.54191854388516,-314.8764865941735,-60.465313,-249.0048
94.48325331265517,-315.07473238962007,-73.02448,-266.2671
93.41042222644744,-315.27485776779605,-64.00545,-260.6943
92.3239543035188,-315.47828618272865,-67.7724,-264.62372
91.22439418629624,-315.68642924828805,-63.4326,-258.697
90.1123014231608,-315.90068429194355,-64.258446,-258.8855
88.98824973662694,-316.12243197826103,-46.826225,-214.3058
87.8528262746586,-316.3530340009851,-62.07166,-257.27185
86.70663084202042,-316.593830842277,-62.15004,-254.0504
85.55027510886516,-316.8461395971691,-64.37443,-259.07764
84.38438179417675,-317.111251860464,-64.06364,-260.63055
83.20958382225517,-317.3904316723531,-66.95249,-266.92786
82.02652345106706,-317.6849135183244,-61.4346,-257.67587
80.83585137184275,-317.995900378814,-63.523705,-262.16995
79.6382257796934,-318.32456182466217,-61.53519,-260.02774
78.43431141527968,-318.67203215558914,-61.2106,-259.92737
77.22477857781176,-319.03940858026994,-89.2069,-291.23508
76.01030211004979,-319.42774943785463,-62.600967,-260.4245
74.79156035656119,-319.8380724617191,-61.202827,-257.9243
73.56923409718007,-320.27135308662736,-62.094006,-260.56418
72.34400545826708,-320.7285228002592,-69.1323,-266.18494
71.1165568049608,-321.2104675394703,-69.08801,-266.7344
69.88756961823886,-321.71802613123447,-65.241455,-263.48724
68.6577233613355,-322.2519887783367,-60.598312,-259.03867
67.4276943408316,-322.81309559046423,-59.30342,-252.32657
66.19815456841968,-323.4020351620468,-65.15565,-267.05743
64.96977062987288,-324.01944319881835,-58.580902,-255.53716
63.74320256804095,-324.6659011956284,-59.10419,-253.65714
62.519102786641206,-325.3419351685852,-65.98491,-266.09814
61.29811498112208,-326.0480144452061,-48.340218,-222.88567
60.08087310199623,-326.7845505168029,-70.621605,-266.2645
58.86800035490748,-327.551895957722,-64.10105,-264.06796
57.66010824047108,-328.3503434161688,-65.208534,-263.88306
56.45779563575562,-329.1801246811479,-69.653275,-268.33646
55.26164791824319,-330.0414098296061,-61.822895,-263.87213
54.07223613222289,-330.9343064573217,-58.528385,-258.39233
52.89011619686954,-331.8588589967623,-60.217266,-259.34308
51.71582815487318,-332.8150481253698,-63.565968,-264.83194
50.54989546057529,-333.80279026853583,-55.072647,-252.80988
49.39282430707792,-334.82193720240315,-61.02996,-261.66177
48.24510299235799,-335.8722757618896,-62.455692,-263.04037
47.1072013246454,-336.9535276586554,-66.62934,-266.5117
45.97957006716941,-338.0653494124567,-66.217964,-268.98526
44.86264042220586,-339.2073323980968,-60.49975,-264.15283
43.75682355451981,-340.379003009345,-60.901222,-268.3648
42.66251015475507,-341.57982294062055,-61.700096,-263.08456
41.5800700437019,-342.8091895866388,-59.709984,-260.2578
40.509851818379566,-344.06643655951564,-59.330505,-260.465
39.45218254050677,-345.35083432208245,-61.324055,-263.66324
38.40736746740383,-346.6615909354457,-54.967823,-252.96812
37.375689824848415,-347.9978529181374,-62.8863,-263.812
36.357410621018055,-349.3587062135852,-53.01593,-253.2253
35.352768500560046,-350.74317726219573,-58.733395,-263.09982
34.36197963815615,-352.15023417416467,-56.168785,-255.67145
33.38523767158971,-353.5787879991215,-54.858875,-257.68094
32.42271367494892,-355.0276940887763,-51.489876,-251.9805
31.47455617286217,-356.49575354883285,-58.328007,-257.88928
30.540891196393027,-357.9817147765333,-56.03227,-254.80368
29.62182238056412,-359.4842750802179,-54.62326,-253.09113
28.71743110281043,-361.00208237722927,-52.576183,-251.73196
27.82777666132197,-362.53373696654063,-51.8746,-248.3007
26.952896492313396,-364.0777933728074,-54.68963,-249.82924
26.092806425656757,-365.6327622591562,-55.893066,-252.59973
25.24750097889423,-367.1971124067633,-57.480743,-259.25003
24.41695369027549,-368.7692727599229,-60.833656,-270.26947
23.601117492039123,-370.3476345357543,-59.238415,-256.88174
22.799925125667176,-371.93055339801225,-62.6668,-264.10376
22.01328960132505,-373.516351694721,-62.994,-261.79733
21.24110470408967,-375.1033207595186,-60.134174,-252.12125
20.483245549665885,-376.6897232764831,-60.291195,-256.53662
19.7395691919559,-378.2737957076917,-57.097992,-251.17682
19.00991528418852,-379.8537507819764,-70.41569,-285.55853
18.294106794592523,-381.42778004264767,-60.43804,-254.82306
17.591950776992288,-382.994056451702,-55.086067,-247.55238
16.903239196228323,-384.55073704813424,-60.6675,-256.14395
16.227749807897833,-386.0959656580922,-57.45041,-250.50351
15.56524709153402,-387.6278756544242,-70.99434,-254.40317
14.91548323600234,-389.1445927627584,-63.10146,-246.54669
14.278199175583104,-390.6442379109552,-65.59201,-247.39957
13.653125674884784,-392.1249301188106,-73.18222,-254.55647
13.039984460339724,-393.5847894250739,-79.6029,-256.16852
12.438489395585965,-395.0219398487529,-73.05729,-235.21703
11.848347697618776,-396.4345123809838,-72.96818,-237.3765
11.269261190293534,-397.8206480024876,-72.46274,-251.69092
10.70092759158686,-399.17850072008696,-75.99086,-261.04816
10.143041830861632,-400.50624061425606,-73.84032,-257.2563
9.595297392097455,-401.80205688854215,-74.96602,-251.23718
9.057387678670676,-403.0641609111352,-85.928955,-249.07204
8.529007395003799,-404.29078923883606,-86.56804,-248.55994
8.009853940424499,-405.4802066140733,-90.64789,-245.92294
7.499628810824306,-406.6307089264386,-91.00737,-247.71165
6.998039003912012,-407.7406261313981,-89.97773,-263.44577
6.504798423719915,-408.8083251200856,-98.61878,-251.50406
6.0196292795006645,-409.83221253503376,-94.06025,-245.18124
5.542263473559283,-410.8107375273573,-90.200584,-248.71039
5.072443972291612,-411.74239445156815,-95.11353,-254.74615
4.609926154860351,-412.6257254950544,-92.04819,-250.85103
4.154479134296679,-413.4593232400423,-94.063126,-251.78664
3.705887046009388,-414.241833156156,-97.69362,-234.4334
3.263950298513911,-414.9719560212724,-104.37433,-248.72366
2.8284867807787184,-415.64845026748446,-108.97092,-248.09291
2.3993330202641334,-416.2701342481489,-97.14074,-241.20705
1.9763452857373576,-416.8358884215786,-106.255356,-248.6204
1.55940062922806,-417.344657446863,-109.68095,-250.35878
1.1483978618260726,-417.7954521872877,-105.20045,-270.50623
0.7432584583005374,-418.1873516167798,-103.63171,-245.2568
0.3439273857655531,-418.5195046248289,-104.3706,-245.48459
-0.0496261481330337,-418.7911317154964,-108.11596,-250.36844
-0.4374080317940022,-419.0015265962276,-107.721756,-246.02977
-0.81939867502705,-419.1500576520304,-95.03689,-238.52986
-1.1955525268584533,-419.2361693001837,-107.85827,-250.43832
-1.565797688844447,-419.2593832202628,-107.85228,-277.18158
-1.9300356262157397,-419.2192994541642,-103.44895,-248.7466
-2.288140978431988,-419.1155973709808,-110.42778,-252.55084
-2.639961470185274,-418.94803649180665,-105.853615,-248.4805
-2.985317923665555,-418.7164571697792,-106.183716,-273.5165
-3.324004372887283,-418.4207811210332,-108.8029,-250.98164
-3.655788280826196,-418.06101180285657,-110.58648,-252.70317
-3.980410859856456,-417.6372346361353,-113.94563,-254.96211
-4.297587495533026,-417.14961707009934,-111.23028,-256.33817
-4.607008273250611,-416.5984084884589,-106.36703,-252.15529
-4.908338606823492,-415.9839399572079,-98.55865,-227.43661
-5.201219967631392,-415.30662381549945,-106.34372,-273.38297
-5.485270712702834,-414.5669531120302,-108.11876,-249.9724
-5.76008700994514,-413.7655008905003,-104.37776,-245.95462
-6.025243858579741,-412.9029193290883,-111.20532,-254.21191
-6.280296202516025,-411.97993874032807,-106.14889,-274.0334
-6.5247801337282105,-410.99736643897774,-107.09812,-251.60255
-6.758214181743857,-409.9560854861414,-110.50097,-252.98557
-6.9801006844137,-408.85705331785744,-104.58784,-232.26102
-7.18992723444103,-407.7013002656624,-104.253,-248.37904
-7.387168195575926,-406.48992797559214,-101.45453,-229.11826
-7.571286281606034,-405.22410773115473,-104.27851,-234.11159
-7.741734190221577,-403.9050786852357,-109.88516,-253.09216
-7.897956282793157,-402.53414600563633,-107.46564,-249.91856
-8.039390300415535,-401.1126789388948,-105.35243,-250.51595
-8.165469106271471,-399.6421087972306,-106.92888,-216.79927
-8.275622444265204,-398.1239268739339,-104.769035,-247.09338
-8.36927870387687,-396.55968229309343,-106.323586,-250.20282
-8.445866681370644,-394.9509797998859,-109.542274,-253.36092
-8.504817327852317,-393.2994774974986,-106.2781,-234.45609
-8.545565475071172,-391.6068845361728,-103.41018,-248.282
-8.567551530221492,-389.8749587590715,-101.13407,-247.27216
-8.570223131439102,-388.1055043089521,-105.75737,-251.17851
-8.553036756357143,-386.30036919907536,-104.40197,-274.72806
-8.515459276985581,-384.461442851412,-107.248695,-251.62416
-8.456969455158145,-382.59065360489086,-105.184975,-270.6017
-8.377059373608722,-380.6899661961152,-98.90294,-246.54404
-8.275235798201853,-378.761379214736,-103.56888,-214.6728
-8.151021466984426,-376.8069225356009,-109.46198,-252.58174
-8.00395630182434,-374.8286547298465,-108.49346,-254.83905
-7.833598538723924,-372.828660457164,-100.11575,-231.50128
-7.639525773479219,-370.80904784152057,-106.10601,-220.23666
-7.421335920048567,-368.7719458326404,-104.995995,-249.75041
-7.178648079618072,-366.7195015554877,-96.67418,-233.05515
-6.911103318803685,-364.65387764986417,-104.19031,-250.33168
-6.618365355696563,-362.57724960216,-108.14025,-236.47456
-6.300121152600114,-360.49180307139534,-103.75684,-251.27411
-5.956081414437886,-358.39973121191633,-106.49262,-251.28593
-5.58598099206977,-356.30323199537,-98.36378,-211.9573
-5.189579190226533,-354.20450553492344,-104.540085,-251.35643
-4.766659980406232,-352.1057514152167,-108.31024,-239.16908
-4.317032119707533,-350.0091660322275,-103.8083,-237.32846
-3.840529177074736,-347.9169399478662,-108.572136,-255.02802
-3.337009468782606,-345.831255264456,-110.33484,-256.053
-2.8063559052449336,-343.7542830240927,-109.58843,-238.61382
-2.248475751443182,-341.6881806371659,-111.9756,-241.42215
-1.663300303510221,-339.635089343246,-102.81395,-248.6772
-1.0507844843363214,-337.59713170646967,-107.35301,-224.73782
-0.4109063614881893,-335.57640914679985,-106.980484,-233.6748
0.2563334088381931,-333.5749995081296,-98.42495,-246.17009
0.9509122077590813,-331.5949546639553,-99.969086,-243.69237
1.672786145218844,-329.6382981611253,-115.70937,-254.24281
2.421890812596085,-327.70702290211074,-105.06031,-239.41647
3.198142091811571,-325.80308886666535,-98.9806,-229.77998
4.001437016296761,-323.9284208747099,-113.283165,-203.7809
4.831654679209157,-322.084906393524,-109.24275,-205.55362
5.688657184449091,-320.27439339344045,-102.47708,-230.86931
6.572290636380399,-318.4986882570051,-106.260414,-460.05228
7.482386164636576,-316.7595537470692,-108.528114,-458.14633
8.41876098084305,-315.05870703965064,-109.37242,-461.28116
9.381219464261983,-313.3978178276048,-104.83706,-456.0673
10.369554273058194,-311.77850650097395,-102.471115,-450.74908
11.383547477072234,-310.20234240924054,-97.01232,-406.00467
12.42297170689425,-308.6708422098338,-103.17526,-453.75153
13.487591313021795,-307.1854683065653,-101.362946,-200.79463
14.577163528279646,-305.74762738152646,-99.0728,-182.93942
15.691439626628055,-304.3586690243436,-85.02481,-178.67397
16.83016607191199,-303.01988446321536,-95.26941,-187.9053
17.993085650762055,-301.7325054023949,-98.85356,-169.20006
19.179938584470595,-300.49770297044205,-84.68714,-181.18651
20.390463615071408,-299.31658678266047,-95.819725,-157.03577
21.62439906108994,-298.19020411989123,-83.139305,-163.05746
22.881483838662437,-297.1195392246127,-83.69333,-159.9671
24.161458443983296,-296.1055127143498,-91.51047,-152.30249
25.46406589315241,-295.14898111178024,-66.0754,-166.53796
26.78905261533829,-294.2507364905029,-75.78523,-160.70184
28.1361692949492,-293.4115062350294,-80.6449,-152.91196
29.505171658572323,-292.6319529131167,-73.41969,-153.01805
30.895821202932137,-291.9126742580886,-81.92306,-153.71411
32.30788586082667,-291.2542032582827,-71.691666,-154.22253
33.741140602641515,-290.6570083501904,-65.89686,-170.94925
35.19536797149011,-290.12149371128027,-50.483513,-173.5514
36.670358550284384,-289.6479996480447,-48.14879,-182.5808
38.16591135913591,-289.23680307455163,-49.706398,-181.83229
39.68183418151799,-288.8881180767761,-42.982784,-182.60603
41.21794381772704,-288.60209655824445,-41.274357,-183.247
42.774066264423205,-288.37882896297685,-51.93942,-151.44691
44.35003681931122,-288.21834507211764,-42.121113,-170.87271
45.945700110238974,-288.12061487075835,-27.89312,-179.88419
47.56091004814208,-288.08554948128943,-56.134377,-146.9655
49.195529703414174,-288.1130021593973,-41.280216,-183.54665
50.849431105485245,-288.20276934884816,-57.586098,-174.48454
52.52249496570024,-288.3545917915906,-49.093735,-149.21454
54.21461032409996,-288.568155690398,-54.25319,-168.74596
55.92567412150112,-288.8430939220577,-18.024508,-174.80623
57.6555906993117,-289.17898729978765,-54.805317,-166.57556
59.404271230559225,-289.5753658839536,-54.367332,-176.06274
61.17163308635853,-290.0317103402563,-63.80097,-149.25836
62.95759914239017,-290.5474533444571,-50.034397,-181.80603
64.76209703001517,-291.12198103256105,-33.75698,-187.03047
66.58505833659615,-291.75463449523306,-46.73797,-151.17616
68.42641775953888,-292.444711314972,-28.411533,-148.99678
70.28611221854366,-293.1914671441013,-22.58541,-153.31004
72.16407993052347,-293.99411732094944,-26.708246,-155.104
74.060259451518,-294.85183852069605,-16.930101,-183.89706
75.974588689677,-295.7637704361784,-29.940462,-183.1503
77.90700389305891,-296.7290174825063,-23.645567,-150.52893
79.85743861560873,-297.7466505179601,-11.509338,-181.46992
81.82582266414046,-298.81570857276347,-29.29222,-163.11565
83.8120810284254,-299.9352005771572,-30.937344,-162.40419
85.81613279579264,-301.1041070807233,-31.673231,-159.58493
87.83789005131095,-302.321381955958,-44.970497,-150.04887
89.87725676481381,-303.58595408046966,-26.386774,-172.73645
91.93412766671447,-304.8967289937307,-15.561975,-188.90054
94.00838711561298,-306.25259052599466,10.096613,-172.7513
96.09990796196092,-307.6524023986211,-24.850388,-142.56267
98.208550413218,-309.09500979622527,-29.892153,-178.5171
100.33416090660538,-310.5792409113725,-30.334772,-179.26555
102.476570995537,-312.1039084619932,-13.848034,-189.77948
104.63559625529597,-313.6678111808211,-18.430481,-139.86569
106.81103521297732,-315.26973527550444,-16.866983,-200.30003
109.00266830648351,-316.9084558576833,4.279011,-162.88057
111.21025687742916,-318.5827383389683,-7.6717544,-196.37231
113.43354220294908,-320.29133979115494,-2.4726744,-198.63824
115.67224457138356,-322.0330102672891,-4.1329255,-204.94705
117.92606240660356,-323.80649407955394,-16.423086,-142.28685
120.19467144539117,-325.6105310293772,-15.71239,-182.865
122.47772397183869,-327.44385758438904,-6.950273,-213.25075
124.77484811216164,-329.3052079957486,7.2198234,-198.38904
127.08564719264086,-331.1933153480622,-13.885291,-190.46376
129.4096991626371,-333.10691253304367,-2.3198612,-205.2504
131.74655608377344,-335.0447331377059,-1.365006,-206.52242
134.09574368548272,-337.0055122385746,-18.483053,-219.61816
136.45676098626564,-338.9879870951433,-4.6975455,-188.19205
138.82907997936158,-340.9908977380092,4.188196,-180.4002
141.2121453812626,-343.0129874491393,-0.813329,-207.46231
143.60537444160627,-345.0530031331023,3.403172,-205.28865
146.00815681326867,-347.1096955788858,-14.94172,-214.82635
148.4198544816455,-349.1818196124081,-15.6210165,-187.6986
150.8398017519655,-351.2681341404417,-18.914886,-198.9685
153.26730529305365,-353.3674020876689,-17.161745,-182.46082
155.70164423544844,-355.4783902300045,21.700447,-180.96072
158.1420703213692,-357.5998689288594,-29.27829,-192.95018
160.58780810383587,-359.7306117722594,-14.776816,-219.23419
163.0380551922957,-361.8693951294287,-11.475516,-171.42845
165.4919825422872,-364.01499762571,2.6104243,-207.00809
167.94873478668524,-366.16619954485554,59.231476,-140.90494
170.40743060571026,-368.3217821660122,8.134066,-172.5514
172.8671631322372,-370.4805270430819,0.5264086,-187.04001
175.32700038831962,-372.64121523440366,-0.45928627,-180.38959
177.78598574853422,-374.8026264908358,115.70115,-128.0322
180.24313842591505,-376.9635384104433,-29.411263,-186.75658
182.69745397690272,-379.122725568157,14.650991,-167.08948
185.1479048227083,-381.2789586288714,53.816334,-132.11273
187.59344078547724,-383.43100345243886,-5.8284903,-172.79367
190.03298963843093,-385.5776201990858,-14.785845,-160.0615
192.46545766981745,-387.7175624441783,97.552986,-130.76225
194.88973026116216,-389.8495763120387,93.28403,-143.43503
197.30467248099583,-391.9723996394179,-27.528772,-177.78024
199.70912969579325,-394.0847611799004,-12.90218,-185.92218
202.10192820009283,-396.1853798606632,145.4526,-127.20353
204.4818758676469,-398.2729641025965,26.764795,-138.71577
206.84776282514184,-400.3462112140638,-20.10679,-176.03256
209.1983621498238,-402.4038068679134,-28.008862,-194.9657
211.5324305924568,-404.4444246708812,105.48201,-131.91682
213.84870932738667,-406.4667258339716,-22.92073,-133.41777
216.14592473191436,-408.4693589514481,122.617256,-132.45831
218.42278919754372,-410.4509598947705,177.4925,-114.98636
220.67800197589565,-412.41015182657446,127.49785,-135.26479
222.9102500621244,-414.3455453389141,155.7911,-123.89287
225.1182091185032,-416.2557387194502,163.79396,-120.28043
227.30054444050367,-418.1393183487857,123.50137,-128.87642
229.45591196733653,-419.9948592315072,-26.605848,-160.05884
231.5829593386449,-421.8209256625812,99.509415,-127.246864
233.68032699883432,-423.6160720296292,150.18385,-128.00412
235.74664935035705,-425.3788437504562,142.66965,-125.1486
237.78055595716333,-427.1077783442065,166.2902,-114.33677
239.7806727994436,-428.8014066336666,132.7802,-132.19023
241.74562358061328,-430.45825407543055,156.29956,-124.00561
243.67403108715465,-432.0768422138787,114.84371,-129.0022
245.5645186014716,-433.6556902544726,159.00003,-127.94902
247.4157113674297,-435.1933167518825,111.15367,-137.04257
249.2262381077783,-436.6882414087341,181.31105,-117.0148
250.99473259209825,-438.13898698078367,147.4533,-135.29828
252.71983525322537,-439.5440812837961,163.23064,-109.17107
254.4001948492712,-440.9020592964096,42.477726,-115.164764
256.03447016751625,-442.2114653521877,113.09837,-134.7438
257.6213317657246,-443.47085541316426,145.06,-135.67543
259.1594637459925,-444.6787994165649,179.42276,-108.19997
260.64756555625206,-445.8338836860469,157.70988,-131.5113
262.0843538149936,-446.93471339865033,96.6082,-131.0228
263.4685641554201,-447.9799150985216,172.60193,-120.16649
264.798953085793,-448.9681392481036,151.14557,-135.09398
266.07429986298246,-449.89806280672695,182.50064,-116.829636
267.2934083762497,-450.76839182552817,185.28436,-113.068184
268.455109038187,-451.5778640467145,171.65268,-114.566956
269.55826067960913,-452.3252514947944,186.44427,-106.96053
270.6017524450328,-453.00936304762456,161.60515,-126.363464
271.5845056852118,-453.6290469758965,155.15706,-137.18356
272.5054758430233,-454.1831934406924,182.16733,-112.79122
273.3636543287922,-454.6707369397675,168.31966,-124.02553
274.15807038088514,-455.0906586942897,147.6183,-139.20506
274.88779290710977,-455.44198896898894,175.28194,-123.80825
275.5519323021084,-455.7238093200045,190.49193,-107.84955
276.1496422355194,-455.9352547659543,183.16473,-117.27245
276.6801214053777,-456.0755158788003,192.34679,-105.21588
277.1426152513482,-456.1438407921016,170.38841,-130.8121
277.53641762310104,-456.1395371253701,179.61292,-117.96658
277.86087240021004,-456.06197382428553,154.9015,-134.12161
278.1153750609772,-455.9105829171213,162.95229,-128.48822
278.299374198234,-455.68486118774894,186.08815,-117.72137
278.4123729803995,-455.3843717652848,167.6382,-127.12936
278.4539305559662,-455.0087456302329,175.88617,-83.57497
278.4236633992581,-454.5576830370664,168.55423,-130.34581
278.32124659495577,-454.0309548533874,180.79652,-112.502365
278.14641505872095,-453.4284038157823,183.14162,-120.631454
277.898964691378,-452.7499457020493,187.11502,-98.48272
277.5787534644764,-451.9955704187747,181.369,-127.41797
277.1857024355042,-451.1653430024989,166.11827,-136.4843
276.71979669144616,-450.2594045321021,167.12032,-125.85788
276.1810862197329,-449.277972949594,179.21088,-131.03928
275.5696867058952,-448.22134378631046,175.2854,-129.05423
274.88578025741015,-447.0898907916837,174.4814,-105.310936
274.1296160533639,-445.8840664622328,189.1067,-107.79499
273.30151091969435,-444.60440246902255,191.78874,-102.05489
272.401849829771,-443.2515099822738,182.90033,-121.80468
271.43108632974867,-441.8260798918225,161.06607,-128.14403
270.3897428875084,-440.3288829217649,171.7804,-113.08388
269.2784111633313,-438.7607696371816,183.35994,-103.45481
268.0977522000212,-437.12267034067776,220.63222,-95.99686
266.8484965301245,-435.41559485668256,165.85004,-123.17067
265.5314441981187,-433.64063220181487,181.4947,-114.43732
264.1474646957116,-431.7989501397618,135.29999,-137.45732
262.6974968085087,-429.8917946187551,170.05605,-121.66876
261.1825483722278,-427.9204890888672,181.93787,-118.42129
259.6036959364937,-425.8864336953458,185.57683,-98.93115
257.96208433413847,-423.7911043434909,177.36188,-106.18414
256.2589261539527,-421.6360516304789,174.18503,-112.82562
254.49550111500167,-419.4228996400512,164.23903,-125.96875
252.67315534090383,-417.1533445968845,177.88664,-106.85564
250.793300532733,-414.8291533782728,136.70818,-131.49277
248.85741303929888,-412.45216188117,140.44392,-127.38592
246.86703282337908,-410.0242732426753,157.68463,-103.657
244.82376232209643,-407.5474559120616,146.72673,-84.33603
242.72926519932776,-405.0237415726618,141.21405,-92.062614
240.5852649880788,-402.4552229123028,139.84816,-120.00739
238.39354362121165,-399.8440512413764,123.30419,-89.34041
236.15593984957653,-397.19243395811,118.78841,-92.96286
233.87434754714903,-394.50263186131536,119.910774,-102.53157
231.5507139029104,-391.776956311852,103.60969,-90.677734
229.1870374989154,-389.0177662450786,94.93572,-106.58622
226.78536627363084,-386.2274650375738,99.21247,-92.302826
224.3477953696893,-383.4084972324218,90.57504,-101.0911
221.87646486590756,-380.5633451284407,81.84984,-128.3855
219.37355739458965,-377.6945252398199,95.76035,-101.86207
216.84129564640432,-374.8045846335124,75.518456,-128.90877
214.28193976622487,-371.8960971523464,87.49476,-104.92286
211.69778464422063,-368.9716595323197,73.334114,-128.57272
209.09115710725453,-366.0338874231299,64.742546,-103.903175
206.46441301626072,-363.08541132170205,71.76423,-114.1685
203.8199342756125,-360.1288724292574,63.088394,-124.61277
201.16012576042888,-357.16691844326846,62.718212,-108.13666
198.4874121673516,-354.20219929639245,58.571754,-118.31332
195.80423479373889,-351.2373628549809,50.0555,-129.15248
193.113048249733,-348.2750505898946,58.133343,-117.02578
190.41631710744093,-345.3178932320583,56.41799,-112.5976
187.7165124915317,-342.3685064245299,54.928368,-121.34816
185.0161086158221,-339.4294863819604,38.086708,-135.59648
182.3175792708095,-336.50340556737945,36.181046,-139.85724
179.62339426756031,-333.5928083954468,43.37287,-132.77977
176.9360158438357,-330.7002069707475,30.798658,-128.29376
174.2578950388462,-327.8280768693997,51.312893,-117.0999
171.59146804360407,-324.9788529721821,39.185905,-118.73115
168.93915253450402,-322.1549253575443,47.75926,-116.937065
166.3033439985093,-319.35863526304087,36.85981,-121.6218
163.68641205912158,-316.59227112362885,33.903923,-125.828964
161.090696813126,-313.8580646947186,29.509308,-129.20125
158.51850518886127,-311.1581872670682,46.1764,-101.647446
155.9721073373829,-308.4947459799727,-16.704184,-198.54457
153.4537330683141,-305.86978023908904,-3.6280138,-175.44719
150.96556834247778,-303.28525824567254,-44.79662,-182.45665
148.50975183371432,-300.74307364481234,34.491684,-115.07925
146.08837157271122,-298.2450423012248,-42.372864,-187.67282
143.7034616860435,-295.7928992121249,24.171448,-123.57915
141.35699924354904,-293.38829556735203,-53.141525,-236.06133
139.05090122634286,-291.032795967008,-8.169422,-191.49557
136.78702162638507,-288.72787580642563,-34.6586,-219.0885
134.56714868705424,-286.47491883780066,-53.960423,-211.35587
132.39300229294076,-284.2752149176858,-49.33792,-228.32436
130.26623151592972,-282.1299579497077,-48.309082,-218.24426
128.18841232334324,-280.0402440318588,-26.68665,-158.84186
126.16104545241755,-278.00706981707646,-37.083447,-179.404
124.18555445386116,-276.0313310943987,-41.699932,-201.74086
122.26328390587402,-274.1138215959391,-41.239628,-205.55489
120.3954977989441,-272.255232032628,19.771082,-156.12291
118.58337809102538,-270.4561493595125,-11.782527,-183.48936
116.82802343222689,-268.71705626972727,-40.207912,-222.44057
115.13044805769545,-267.0383309151245,-48.187084,-223.56773
113.49158084681284,-265.4202468508444,-39.556366,-220.41774
111.91226454616952,-263.8629732005228,-40.91051,-195.59634
110.39325515308204,-262.36657503819043,-35.614655,-220.09834
108.9352214556973,-260.9310139821288,-39.40185,-212.55994
107.53874472503335,-259.5561489950928,-32.688942,-198.00766
106.20431855384015,-258.2417373844532,-41.37593,-221.28816
104.93234883708972,-256.98743599500307,-40.824547,-194.87227
103.72315388921903,-255.7928025864648,-36.197727,-219.21849
102.57696469380836,-254.6572973871891,-37.394188,-195.0957
101.49392528208512,-253.580284815118,-37.11618,-218.01227
100.47409323746824,-252.56103535667492,-40.182213,-216.60776
99.51744032425135,-251.59872759389185,-34.86225,-188.90132
98.62385323935048,-250.69245037003557,-42.120712,-216.93777
97.7931344867096,-249.8412050844781,-32.61898,-210.75052
97.02500337443492,-249.04390810853815,-35.47742,-219.46306
96.31909713499807,-248.29939331529636,-38.446064,-195.57588
95.67497216887249,-247.60641471767693,-19.576925,-206.01115
95.09210541172772,-246.96364921011497,-32.132523,-212.70985
94.56989582481734,-246.36969940960577,-39.14922,-215.72949
94.10766600749788,-245.82309659179663,-39.17018,-215.50594
93.70466393000048,-245.32230371731288,-37.21855,-191.4531
93.36006478377222,-244.86571854323856,-34.66712,-213.91869
93.07297294595564,-244.451676814902,-34.884598,-194.65657
92.8424240537834,-244.07845553368765,-41.33923,-220.88832
92.6673871837745,-243.7442762971194,-33.349808,-213.77612
92.54676712978382,-243.4473087077048,-45.99947,-210.77141
92.47940677347022,-243.1856738470065,-37.334877,-203.71667
92.46408954079985,-242.95744781115707,-30.092318,-192.48889
92.49954193871358,-242.76066530355936,-39.24587,-218.80592
92.5844361667156,-242.59332327990504,-4.960561,-194.66586
92.71739279850289,-242.45338464006664,-36.67428,-210.80574
92.89698352867346,-242.33878196100332,-40.090096,-206.62514
93.12173397916295,-242.24742126459236,-44.398342,-213.00052
93.39012655969742,-242.1771858142503,-34.694286,-207.61313
93.70060337647134,-242.1259399343216,-41.320324,-217.11781
94.0515691834138,-242.09153284633496,-34.37923,-192.37204
94.44139437054494,-242.07180251612948,-38.102406,-194.93745
94.86841798393606,-242.0645795053216,-36.272217,-189.84085
95.33095077182216,-242.0676908196343,-6.3126554,-193.93744
95.82727825167656,-242.078963745549,-38.392452,-208.06349
96.35566379348576,-242.09622966594895,-20.528452,-146.88536
96.91435171477995,-242.11732784514163,-41.68329,-194.62035
97.50157038299378,-242.1401091739057,-37.50098,-192.7929
98.1155353205876,-242.1624398658375,-37.59294,-206.49043
98.75445230834876,-242.1822050970073,-16.492516,-200.91075
99.41652048255068,-242.19731258164103,-38.00291,-191.57344
100.09993542203524,-242.2056960773834,-30.61518,-197.6952
100.80289222150036,-242.2053188149304,-34.3175,-193.6967
101.5235885471061,-242.1941768483223,-42.453503,-220.63162
102.2602276699986,-242.1703023234351,-39.78319,-192.31978
103.01102147272316,-242.13176666278508,-23.649721,-150.3871
103.77419342302366,-242.07668366479396,-44.87337,-207.81857
104.54798150937346,-242.00321251547203,-31.44159,-216.02649
105.33064113274764,-241.90956071018493,-40.68164,-219.17094
106.12044794945596,-241.7939868827185,-39.906788,-202.51672
106.91570066014503,-241.65480353832365,-35.501335,-218.01721
107.71472374034894,-241.4903796870096,-42.369987,-202.67569
108.51587010827504,-241.2991433731918,-44.983974,-208.36606
109.3175237258213,-241.07958409783816,-36.144333,-214.26192
110.11810212903188,-240.83025512937863,-45.46689,-207.12729
110.91605888426191,-240.5497756997096,-42.507698,-210.81335
111.70988596620936,-240.23683308150183,-41.332546,-205.04024
112.4981160536519,-239.8901845426003,-39.95499,-215.93771
113.27932473823792,-239.50865917263928,-46.138275,-208.13145
114.05213264120916,-239.09115957633185,-41.669758,-207.6351
114.81520743269752,-238.6366634274289,8.51458,-171.35808
115.56726574832544,-238.1442248771403,-43.332245,-218.65376
116.3070749981976,-237.61297581088536,-44.98552,-205.24266
117.03345506390032,-237.04212694765567,-36.078285,-196.7803
117.74527987965526,-236.43096877697036,-42.104893,-208.07
118.44147889409145,-235.7788723292164,-36.749565,-185.5157
119.12103840904476,-235.085289775982,-20.520489,-143.40196
119.78300279141123,-234.3497548578783,-18.277163,-136.22302
120.42647555358836,-233.57188313840237,-36.46354,-196.33368
121.05062029764116,-232.75137208352072,35.390186,-104.53961
121.65466151816224,-231.8880009676607,-39.93824,-216.42012
122.23788525900454,-230.98163060762573,-44.963814,-204.73117
122.79963961987656,-230.03220292677688,-37.237965,-216.85165
123.33933511033712,-229.0397403527347,-38.972893,-217.22658
123.85644485086038,-228.0043450527415,-35.402584,-212.24434
124.3505046228963,-226.92619801151864,-35.228092,-215.20428
124.8211127717164,-225.80555795695705,-43.345882,-218.14444
125.26792996704212,-224.64276013939005,-42.905926,-220.72723
125.69067882700584,-223.4382149705173,-42.987312,-208.54935
126.0891434110398,-222.1924065281088,-23.133492,-147.94034
126.46316858698806,-220.90589093227905,-38.914677,-221.70364
126.81265927723317,-219.5792945984375,-49.95908,-214.14182
127.13757958804428,-218.21331237128987,-55.011234,-214.9954
127.4379518258242,-216.8087055437876,-58.95188,-217.9828
127.71385540357764,-215.3662997648877,-59.053135,-207.01926
127.96542564079527,-213.8869828403723,-46.68907,-159.01845
128.19285246004964,-212.3717024316017,-37.7061,-149.98695
128.3963789839584,-210.8214636577217,-7.715297,-40.385834
128.57630003679296,-209.23732660745745,-6.3291674,-42.22416
128.73296055577555,-207.62040376736604,-5.865881,-58.606125
128.86675391777078,-205.97185737439548,-3.630304,-57.496212
128.97812018742167,-204.2928967016617,-7.1340857,-55.274097
129.0675442927182,-202.58477528713465,-15.461919,-61.94147
129.1355541335744,-200.84878811513445,-18.68335,-55.708523
129.18271862844293,-199.086268760114,-16.701601,-54.20275
129.20964570362597,-197.29858650125323,-9.106461,-48.58813
129.2169802298782,-195.48714341511047,-33.24376,-41.355602
129.20540191092513,-193.6533714521983,-36.730446,-39.93698
129.17562312832035,-191.7987295022224,-37.99455,-43.287598
129.1283867466045,-189.92470045213,-45.27141,-13.015687
129.06446388227153,-188.0327882410801,-40.2399,-18.888138
128.98465163985003,-186.12451491678664,-44.751266,-10.860563
128.88977081850513,-184.20141769821024,-53.396656,-13.868007
128.78066359279612,-182.26504605017607,-56.148888,-11.915733
128.65819117136414,-180.31695877604037,-54.824944,-16.615263
128.5232314372568,-178.35872113486218,-59.65536,-15.260315
128.376676573395,-176.39190198953412,-64.468414,-8.6532345
128.2194306765292,-174.41807099195088,-46.96929,-19.594824
128.05240736307545,-172.43879581068285,-67.84037,-11.44974
127.87652737052233,-170.45563940610998,-53.01779,-15.973338
127.69271615860144,-168.47015735790495,-68.87134,-6.893852
127.50190151495134,-166.48389525014863,-64.292854,-5.8027716
127.305011170467,-164.49838611986254,-50.812016,-16.612246
127.10297042992408,-162.51514797493235,-66.167496,-14.42417
126.89669982386432,-160.53568138716489,-71.66472,-21.31944
126.6871127881604,-158.56146716580562,-70.9284,-22.162045
126.47511337816243,-156.59396411652355,-68.858765,-18.824524
126.26159402484404,-154.63460689065656,-66.98056,-12.642035
126.04743334075364,-152.68480392921694,-67.782524,-19.986883
125.83349398358412,-150.74593550571464,-59.735523,-19.247849
125.62062058468916,-148.81935187144038,-62.124844,-16.655882
125.40963774902995,-146.9063715066454,-53.71432,-9.153087
125.20134813208406,-145.00827948096514,-60.463688,-0.9961135
124.996530598365,-143.1263259261704,-49.919907,-16.951738
124.79593846542804,-141.26172462371582,-59.819813,5.4328623
124.60029783652652,-139.41565170866923,-29.645863,-20.729177
124.41030602437004,-137.58924449061928,-32.062668,-15.98577
124.22663006770172,-135.78360039118448,-28.796095,-7.20196
124.04990534174324,-133.99977599678948,-25.463371,-18.189056
123.8807342630992,-132.2387862243619,-26.897146,-22.776932
123.71968508948602,-130.50160359646307,-24.583672,-29.149536
123.56729081449508,-128.78915762113448,-3.6962442,-41.566963
123.42404815738333,-127.10233427060504,-4.21077,-47.3417
123.29041664771998,-125.44197555219456,-6.117844,-24.57681
123.16681780486364,-123.80887916439532,-15.500935,-11.505628
123.0536344128108,-122.20379823126058,-20.681185,-3.8643801
122.95120989173726,-120.62744110886082,-21.244394,-3.1083248
122.85984776821904,-119.08047125852656,-5.4006243,-56.13541
122.7798112465158,-117.56350718257966,-1.2765086,-38.494396
122.71132288352818,-116.0771224190478,-0.7669897,-38.50013
122.65456437019232,-114.62184559250096,5.5026336,-38.954174
122.60967642205324,-113.19816051885428,5.397678,-28.53326
122.57675878141798,-111.80650636285982,-0.27318347,-56.405193
122.55587033285572,-110.4472778479149,8.631387,-32.84912
122.54702933306702,-109.12082551849744,-3.4901676,-53.434563
122.55021375543696,-107.82745605592363,-15.787279,-60.623035
122.5653617489548,-106.5674326483532,-2.265719,-25.607899
122.5923722106027,-105.34097541621084,45.17443,-49.64149
122.63110546973212,-104.1482618944346,-23.433739,-54.33559
122.68138408225605,-102.98942757307816,-20.958876,-43.136894
122.74299373160224,-101.8645664977362,57.47559,-57.58222
122.8156842323214,-100.7737319310878,-20.190495,-52.17739
122.8991706311676,-99.71693707657109,-5.9736333,-82.598976
122.99313439957248,-98.69415586465657,2.0262032,-71.21644
123.0972247107739,-97.70532380117471,18.698195,-68.32748
123.2110597942956,-96.750338875668,-11.545691,-79.514885
123.33422835977476,-95.82906252603122,-14.816897,-90.48737
123.46629108128876,-94.94132065416056,52.200905,-62.95101
123.60678213256516,-94.08690468627316,48.79699,-58.733833
123.75521076299792,-93.2655726711197,-1.5193104,-116.02137
123.91106290427004,-92.47705040941774,23.935997,-40.849594
124.07380279752488,-91.72103260831918,63.710938,-32.002472
124.24287463139252,-90.99718405554492,58.133663,-23.356995
124.41770418174872,-90.30514080907444,28.412504,-115.89607
124.59770044476444,-89.64451139995887,43.959545,-101.04578
124.78225725548836,-89.0148780476632,35.56449,-82.60888
124.97075488494,-88.41579788886493,67.898254,-54.026215
125.16256160963296,-87.84680422135048,51.165672,-105.530685
125.3570352486279,-87.30740776426248,52.148705,-110.749565
125.55352466439074,-86.79709793468109,57.62079,-68.77144
125.75137122460076,-86.31534413909857,60.715504,-120.915
125.9499102225398,-85.86159707747139,41.578636,-115.6826
126.14847225401344,-85.43529005738974,57.54052,-88.45694
126.34638454919384,-85.03584031620613,54.831215,-124.07496
126.54297225847549,-84.66265034933936,55.18707,-116.54416
126.73755969236645,-84.31510924323655,56.80511,-107.89469
126.92947151646686,-83.99259401175597,55.827297,-86.23217
127.11803390346842,-83.69447093529291,51.18,-103.897446
127.30257564453169,-83.42009690283574,63.38145,-49.63558
127.48242922219036,-83.16882075794301,62.69696,-101.337105
127.6569318463074,-82.93998465000591,52.47532,-67.73033
127.82542645405071,-82.7329253921636,50.584408,-95.64173
127.98726267467538,-82.54697582724219,70.374954,-39.07796
128.14179776003695,-82.381466203309,42.93755,-86.4993
128.288397482017,-82.23572556071585,41.465797,-114.35995
128.42643699834343,-82.1090831324937,63.39285,-31.46164
128.55530168866005,-82.00086975939276,46.31238,-109.12375
128.6743879631025,-81.91041931979565,32.42357,-105.17279
128.7831040459984,-81.83707017353898,25.781897,-116.25995
128.88087073760818,-81.78016661777217,51.141598,-66.09606
128.96712215710883,-81.73906035251588,55.904903,-92.91735
129.04130647028288,-81.71311195343979,30.493511,-103.89558
129.10288660551512,-81.70169234936316,33.622795,-109.11167
129.15134096160352,-81.70418430192058,23.124979,-114.23332
129.1861641105359,-81.71998388463372,22.681932,-104.03747
129.20686749787396,-81.74850195835344,38.996716,-69.09934
129.21298014285023,-81.78916563987897,38.551563,-107.327126
129.20404933975493,-81.8414197605855,44.08157,-67.52736
129.17964136163675,-81.90472831191862,31.266844,-68.31921
129.1393421668247,-81.97857587447155,59.380985,-63.094414
129.082758108411,-82.06246902712476,54.563515,-45.522507
129.009516646627,-82.15593773259721,33.993618,-101.69585
128.9192670638489,-82.25853669576344,61.008827,-58.78954
128.81168118167452,-82.36984669108251,31.302584,-78.64343
128.68645407921036,-82.48947585538085,30.424747,-78.87042
128.54330481167605,-82.61706094217779,41.038147,-129.36311
128.38197712880176,-82.75226853394584,16.211586,-108.40396
128.20224019312823,-82.89479620918526,53.908264,-55.77407
128.00388929890545,-83.04437366180186,29.427708,-74.61848
127.78674659258176,-83.20076377080011,15.609575,-97.722015
127.55066179571192,-83.36376361859756,57.06035,-50.414326
127.29551293040176,-83.53320545624427,8.787609,-118.90787
127.02120704623182,-83.70895761345486,51.182823,-99.67399
126.72768094629704,-83.89092535066902,59.181355,-53.918724
126.41490190899128,-84.0790516495332,25.446737,-110.042816
126.08286840172556,-84.27331793757773,62.415092,-53.874363
125.73161078283614,-84.47374474277599,21.87017,-111.84463
125.36119198819918,-84.68039227413861,53.159542,-42.675064
124.97170819918593,-84.89336092518242,-1.2310748,-117.27619
124.56328948842496,-85.11279169760705,32.249584,-108.87744
124.1361004394399,-85.33886654269587,57.501583,-54.919636
123.69034073575686,-85.57180861813383,19.452326,-107.42985
123.22624571473813,-85.81188245851214,56.032364,-53.428528
122.74408688139587,-86.0593940588113,20.653605,-103.439476
122.24417237783211,-86.31469087120017,-19.823536,-122.772156
121.72684740456982,-86.57816171612262,11.683947,-117.72637
121.19249459066792,-86.85023660883861,54.468864,-44.250004
120.6415343100466,-87.13138650260746,14.63115,-108.13279
120.07442494186722,-87.42212294970265,19.769617,-106.52955
119.49166307298198,-87.72299768134077,21.538471,-101.14964
118.89378364016856,-88.03460210725659,14.478391,-99.772125
118.28136000908704,-88.35756673510308,5.476774,-114.89867
117.6550039860324,-88.69256050931511,55.180252,-49.91568
117.01536575814156,-89.04029006875442,52.777428,-67.69013
116.36313375796746,-89.40149892238726,31.440004,-66.86407
115.69903444906052,-89.77696654239834,8.381607,-107.81104
115.02383203012258,-90.16750737454088,57.26962,-69.79076
114.33832805629564,-90.57396976626076,22.948198,-74.50574
113.6433609771547,-90.99723481427829,24.709303,-65.163956
112.9398055918918,-91.43821513482654,24.25563,-90.79337
112.22857242289884,-91.89785356137958,19.64538,-101.32226
111.51060700937956,-92.37712177595004,22.194305,-116.426346
110.7868891226661,-92.87701888039754,56.2827,-51.13097
110.058431904597,-93.39856991360816,55.213062,-39.02545
109.32628092979388,-93.9428243193967,12.193705,-108.166046
108.59151319216232,-94.51085436919011,8.011879,-108.81389
107.85523601558458,-95.10375354324844,9.899645,-89.86911
107.11858588866544,-95.72263487422656,30.607868,-90.90545
106.3827272236762,-96.3686292570232,2.694634,-107.00967
105.6488510405685,-97.04288372891196,-4.2417693,-121.20331
104.91817357789344,-97.74655972374757,17.41545,-93.29885
104.19193483325024,-98.48083130344848,13.864555,-93.69652
103.47139703623824,-99.24688336897488,49.97502,-51.30117
102.7578430569272,-100.04590985185482,30.261015,-99.63494
102.05257475290674,-100.87911188632695,45.82025,-54.6064
101.35691125820968,-101.74769596168387,-2.4461758,-100.598854
100.67218721781582,-102.65287205453927,5.245584,-107.08571
99.99975097195072,-103.59585174136616,19.617256,-112.41153
99.34096269492044,-104.5778462924646,48.73025,-129.75362
98.6971924936624,-105.60006474922452,49.97864,-56.690907
98.06981847146882,-106.66371198697146,-2.265852,-71.54127
97.46022476243203,-107.7699867657647,-22.116318,-114.34594
96.8697995421548,-108.92007977136616,-15.789942,-112.40544
96.29993302025856,-110.11517164844032,30.685392,-130.94368
95.75201542026171,-111.35643102805642,9.089773,-97.03833
95.22743495248842,-112.64501255172456,41.003925,-149.39107
94.72757578575946,-113.98205489430516,-12.074012,-112.17187
94.25381602358635,-115.36867878789285,-53.621162,-87.3993
93.80752569028078,-116.80598504793504,-23.457947,-55.529877
93.3900647318128,-118.2950526014122,-33.931286,-90.20908
93.0027810355912,-119.83693651526868,-30.75827,-29.57111
92.64700847277432,-121.43266602194134,-3.6846595,-62.917034
92.32406496622204,-123.08324253796154,-25.616264,-90.52238
92.0352505866605,-124.78963767102944,-22.931303,-41.277023
91.78184567906746,-126.55279121050783,-6.2327604,-56.64003
91.5651090208324,-128.37360909601657,-41.135845,-40.125404
91.38627601299072,-130.25296135887024,-23.472355,-57.776314
91.24655690574762,-132.19168003154087,-29.470545,-39.748737
91.14713505948468,-134.19055702106797,-43.41422,-133.69661
91.08916524237212,-136.2503419432712,4.1753063,-62.37222
91.07377196552244,-138.37173991568952,-4.026159,-40.94918
91.1020478563153,-140.55540930837307,-32.38382,-148.70395
91.17505207015104,-142.80195945299306,4.624478,-32.556404
91.29380874056557,-145.11194831220584,-25.370907,-131.73117
91.45930546746716,-147.48588011282865,-39.30872,-169.90222
91.67249184323504,-149.92420294813206,6.2759933,-17.735495
91.93427801643954,-152.42730635627052,-2.7182193,-21.231987
92.24553329293728,-154.99551888333667,-16.862164,-99.10171
92.6070847740555,-157.62910564063498,0.67831624,-26.286278
93.01971603148613,-160.32826586655182,9.056669,-47.61052
93.48416581829184,-163.09313050387695,-18.578821,-77.111946
94.00112681508504,-165.92375980364372,-2.9396358,-29.269037
94.57124441010608,-168.82014096665853,-10.005949,-33.22905
95.19511551179258,-171.78218583415017,-14.873277,-29.051159
95.87328739260757,-174.8097286395829,16.08274,-46.90884
96.60625656332158,-177.90252383459472,-5.6331196,-47.706482
97.3944676774284,-181.0602440029043,5.417199,-61.08022
98.23831246574606,-184.2824778764664,-5.020429,-45.778168
99.13812870151456,-187.56872846798183,-40.85842,-87.286316
100.09419919652228,-190.9184113332172,-14.707041,-36.230938
101.106750828945,-194.33085297570028,-16.574621,-60.685623
102.17595360357409,-197.8052894054213,-42.450363,-31.506845
103.30191974502776,-201.3408648623588,-35.89911,-34.830605
104.48470282466768,-204.9366307151109,-43.397575,-80.624435
105.7242969224878,-208.59154454461435,-57.09448,-81.92458
107.02063582604504,-212.30446942262847,-50.69015,-58.575886
108.37359226921406,-216.07417339414536,-38.068398,-74.92031
109.78297721399882,-219.89932917213372,-42.692818,-87.458206
111.24853917893032,-223.77851405210552,-33.253773,-75.893036
112.769963617827,-227.71021005284263,-46.763508,-77.02413
114.34687235283644,-231.69280428813303,-40.157127,-52.02041
115.97882306561912,-235.72458957256188,-41.263092,-53.27704
117.66530885034476,-239.80376526247557,-52.090847,-25.580015
119.4057578320088,-243.928438331387,-6.889606,-64.77003
121.19953285352446,-248.0966246774217,-34.77578,-98.00967
123.0459312350862,-252.306250658988,-67.7328,-62.76983
124.94418460941785,-256.5551548538549,-33.924603,-147.0812
126.89345883675156,-260.8410900363425,2.9979696,-79.10707
128.89285400378728,-265.1617253672442,61.02113,-24.282402
130.9414045115197,-269.514648791102,77.392746,4.0863028
133.0380792577041,-273.89736963541094,81.450035,-16.62335
135.18178192065136,-278.307321406347,80.02481,-33.555202
137.37135135156217,-282.74186477574267,91.33335,-16.631922
139.60556208242855,-287.1982907540692,87.28804,-37.707924
141.88312495570875,-291.6738240438291,109.41414,-54.43119
144.2026878808109,-296.16562656687546,99.13065,-33.41168
146.56283672119108,-300.6708011579369,101.34392,-39.237297
148.96209631483646,-305.1863954155273,100.83807,-45.169437
151.3989316302028,-309.7094057009785,99.58036,-49.500565
153.87174905921475,-314.236781276675,107.627625,-67.41359
156.37889784847488,-318.7654285752981,109.078156,-75.61867
158.91867166917237,-323.2922155924169,107.862946,-73.73037
161.48931032533673,-327.8139763946822,108.10029,-83.798874
164.08900159916732,-332.32751573515765,108.93461,-98.48972
166.71588323126596,-336.8296137661778,112.941666,-103.656876
169.36804503266836,-341.3170308388337,109.25243,-110.12231
172.04353112456377,-345.78651237702456,108.93977,-118.00207
174.7403423006251,-350.23479381317566,112.950294,-133.1935
177.45643850613325,-354.65860557224136,107.351776,-140.06245
180.18974142763363,-359.05467809030284,109.04113,-149.29915
182.93813718660303,-363.4197468537937,105.62188,-152.91484
185.6994791303761,-367.7505574452353,111.613174,-173.15181
188.4715907132764,-372.0438705815546,106.19585,-144.64513
191.2522684605097,-376.2964671315804,118.84977,-173.10474
194.03928500703495,-380.5051530999291,105.719246,-179.78822
196.83039220359333,-384.666764565049,105.53005,-173.3467
199.6233242825144,-388.7781725596674,135.7504,-205.44402
202.4158010766988,-392.8362878822387,113.466156,-203.37761
205.20553128592212,-396.8380658280711,147.69847,-209.81877
207.99021578506915,-400.7805108286901,147.6352,-217.92934
210.767550969136,-404.6606809880537,129.82045,-212.50447
213.5352321299186,-408.4756925047405,135.59604,-210.58871
216.2909568591057,-412.2227239701489,200.58101,-234.99529
219.0324284719061,-415.899020533873,200.65594,-232.70679
221.75735944450756,-419.5018979287484,155.83543,-214.12286
224.4634748579627,-423.028746349668,209.80267,-235.59268
227.14851584076877,-426.47703418208863,174.53358,-220.29503
229.81024300246528,-429.84431157786446,175.89107,-222.24742
232.44643985086927,-433.1282138773723,195.44438,-224.76262
235.0549161859307,-436.3264648777732,186.39272,-217.28294
237.6335114635245,-439.43687994781806,224.93016,-203.70834
240.18009812278848,-442.4573689899805,239.55531,-217.50922
242.6925848709831,-445.385939250932,252.53143,-211.97781
245.16891992039456,-448.2206979814361,272.5499,-224.6695
247.60709417245857,-450.9598549466626,235.53375,-207.61562
250.0051443448757,-453.6017247878923,239.30658,-210.7233
252.36115603784955,-456.14472923677,249.63548,-199.48018
254.67326673570645,-458.5873991835931,276.82904,-173.0999
256.93966874016667,-460.9283766012789,268.01764,-183.2599
259.15861203151167,-463.1664163264485,223.77744,-179.14267
261.32840705381346,-465.3003876985427,288.9296,-187.3792
263.447427420219,-467.3292760572467,214.68156,-190.29442
265.51411253407275,-469.2521840979881,253.69385,-185.80504
267.5269701214936,-471.0683330850301,272.56235,-184.27795
269.484578670893,-472.7770639216977,276.81183,-186.7246
271.38558977472854,-474.3778380772255,289.759,-181.7143
273.2287303684711,-475.8702383693357,262.22165,-174.41852
275.0128048613668,-477.25396960087465,254.25717,-178.93222
276.7366971532253,-478.528859047839,281.14886,-172.45436
278.3993725312762,-479.694856795121,262.55734,-176.39607
279.9998794412222,-480.7520359155281,292.7784,-176.80733
281.5373511270105,-481.70059248732434,295.55844,-177.03137
283.01100713449,-482.5408454458007,276.1584,-181.74889
284.42015467483213,-483.2732362650328,281.404,-181.49165
285.7641898440281,-483.89832846668463,285.54715,-176.99202
287.0425986946984,-484.4168069533405,285.53244,-174.96135
288.2549581559132,-484.8294771646139,297.10638,-176.21803
289.4009367961312,-485.1372640553578,290.33633,-174.58968
290.48029542413445,-485.3412108964752,331.22626,-172.03104
291.4928875231615,-485.4424778997249,294.94455,-175.05513
292.4386595142072,-485.44234066840056,309.42157,-165.15804
293.31765084545094,-485.3421884759112,297.78467,-171.56787
294.12999390580177,-485.1435223741555,299.07993,-169.91599
294.87591376145906,-484.8479531332216,303.3133,-173.57295
295.55572771511044,-484.4571990135542,322.03098,-180.1956
296.169844687867,-483.9730833716345,326.67474,-176.62216
296.7187644243214,-483.3975321004754,328.7563,-179.1265
297.20307652120323,-482.73257090651657,319.80353,-173.28568
297.62345927987667,-481.9803224243898,361.19922,-177.66805
297.9806783823177,-481.1430031705568,345.0879,-169.14767
298.27558538948773,-480.22292033645937,315.84332,-175.24767
298.50911606074123,-479.2224684219987,350.41446,-160.41124
298.682288493406,-478.1441257109517,324.4011,-177.52107
298.79620108288384,-476.9904505910924,348.95343,-171.50523
298.8520303051821,-475.764077722915,343.9914,-172.1084
298.8510283252604,-474.4677140616345,349.20074,-175.08458
298.7945204356367,-473.1041347374403,299.5984,-168.38649
298.6839023302885,-471.6761787988402,299.5245,-167.71136
298.52063721922195,-470.1867448234765,332.43866,-179.95576
298.30625278940306,-468.6387864001411,307.29614,-172.74086
298.04233801812705,-467.0353074850314,344.77347,-169.1752
297.73053984539195,-465.3793576348165,354.42783,-176.14597
297.37255971247987,-463.6740271191484,312.6533,-176.51913
296.9701499747308,-461.9224419160871,338.21472,-175.23112
296.5251101972627,-460.1277585954376,315.15875,-176.13608
296.0392833429427,-458.2931590969054,315.07916,-169.11641
295.5145518621951,-456.42184541187817,296.99167,-174.66428
294.9528336944238,-454.5170341792361,308.74954,-175.56488
294.3560781912618,-452.5819512067232,295.88165,-181.07135
293.7262619726052,-450.6198259301259,307.89972,-171.87411
293.0653847271113,-448.6338858229887,298.17957,-173.6102
292.37546496911,-446.6273507699636,291.57977,-185.18315
291.65853576362554,-444.6034274171899,323.49597,-184.64587
290.91664043065026,-442.56530351327297,305.44348,-180.72081
290.1518282391084,-440.5161422544944,259.44046,-184.6938
289.3661501001734,-438.4590766478494,309.8935,-185.13951
288.56165426887355,-436.397203905454,293.599,-185.04373
287.74038206244103,-434.3335798838896,308.15527,-219.16249
286.90436360379584,-432.2712135822596,259.71967,-212.06256
286.05561359888384,-430.2130617131498,308.8853,-220.33258
285.1961271570532,-428.1620233611607,275.81067,-210.68733
284.3278756640071,-426.1209347440381,221.63623,-226.88823
283.452802717072,-424.09256409150544,224.43529,-230.95525
282.5728201326517,-422.0796066566553,222.69836,-225.83409
281.689804035761,-420.08467987418703,264.52234,-230.66054
280.80559104134005,-418.1103186789789,220.89874,-227.7784
279.9219745366315,-416.1589709976345,208.93779,-224.61693
279.0407010734202,-414.23299342492896,218.02753,-225.34926
278.163466878604,-412.3346470966315,188.27814,-219.05542
277.2919144915533,-410.466093770076,165.0742,-218.64851
276.42762953712264,-408.6293921240917,190.22577,-216.00887
275.57213764385807,-406.8264942903608,170.36594,-211.4408
274.7269015175531,-405.0592426285694,129.7248,-206.02835
273.893318180526,-403.32936675761664,116.50809,-201.85837
273.0727163868277,-401.6384808546934,145.98892,-195.18938
272.26635422328025,-399.9880812334961,113.06577,-182.5077
271.4754169060502,-398.3795442122982,112.40552,-177.27086
270.7010147824848,-396.8141242819651,107.879616,-157.77377
269.944181548093,-395.2929525832053,107.29382,-162.20781
269.2058726885478,-393.8170357014702,115.75004,-159.88815
268.4869641561305,-392.38725478706993,116.30153,-157.84227
267.7882512891238,-391.0043650072813,116.68439,-151.78345
267.1104479815327,-389.6689953364664,104.62116,-135.59703
266.454186109491,-388.38164868947854,117.67349,-139.05127
265.82001521996835,-387.1427024029183,98.73736,-118.66633
265.2084024869188,-385.9524090680746,109.78576,-121.51093
264.6197329396445,-384.8108977185848,126.00956,-125.649895
264.0543099676216,-383.7181753750471,102.45425,-99.207695
263.51235610517614,-382.6741289481282,102.83205,-90.101166
262.99401409817904,-381.6785275011092,101.86424,-86.315216
262.4993482533427,-380.7310248720488,105.111725,-85.177
262.02834606874893,-379.8311626545183,104.87901,-74.14729
261.58092014204027,-378.978373534013,100.42949,-65.455826
261.1569103505961,-378.1719849748919,109.59896,-61.82384
260.7560862962537,-377.41122325041687,101.49273,-52.914795
260.37815000572084,-376.6952178064886,93.44461,-38.679443
260.0227388766009,-376.02300594817007,91.13404,-34.72245
259.689428857836,-375.3935378369742,92.75837,-33.59769
259.3777378523642,-374.8056817860342,96.014206,-32.73155
259.0871293288171,-374.2582298394224,101.175545,-14.959027
258.81701612802544,-373.7499036208504,92.01513,-25.351334
258.56676444895203,-373.2793604357405,93.03699,-26.677494
258.3356979975506,-372.8451996093149,93.27864,-22.292227
258.1231022810564,-372.44596904194486,92.13753,-26.637539
257.9282290292801,-372.0801719614141,86.30522,-19.549618
257.75030072345163,-371.7462738498682,83.43639,-19.685474
257.5885152120404,-371.4427095210945,79.13968,-17.595837
257.4420503919291,-371.1678903215955,82.26811,-35.632347
257.31006893248804,-370.9202114267837,80.45108,-41.50854
257.19172301944747,-370.69805920146086,77.26544,-48.924908
257.08615909485377,-370.4998185913837,74.2903,-17.296902
256.9925225686814,-370.3238805101331,70.298836,-2.3926463
256.9099624767936,-370.1686491828551,78.89951,-34.035137
256.83763605881745,-370.0325494059279,73.691246,-10.53266
256.77471322814426,-369.91403367938966,77.40409,-41.422295
256.7203809048968,-369.8115891670853,73.68453,-32.011105
256.6738471816049,-369.7237444379588,76.98634,-17.962246
256.63434529063045,-369.649075940621,64.728165,-12.452885
256.6011373419898,-369.5862141620775,78.29428,-34.454536
256.57351780002784,-369.53384942010814,73.639046,-38.900097
256.5508166673624,-369.4907372371517,79.89586,-46.86599
256.53240234463664,-369.4557032416753,77.05852,-84.52095
256.51768413486894,-369.4276475408456,78.57413,-61.86995
